"V1"
79.5082258064516
79.5448279569893
79.4882258064516
79.5692365591398
79.5347096774194
79.4512365591398
79.5305268817204
79.6147741935484
79.526623655914
79.5635376344086
79.4670967741935
79.528623655914
79.5481505376344
79.506247311828
79.6192258064516
79.4857956989247
79.544
79.508064516129
79.5506559139785
79.5433225806452
79.5965591397849
79.5261075268817
79.5938602150538
79.558752688172
79.5452795698925
79.5008817204301
79.5509462365591
79.5271935483871
79.5689032258065
79.6451397849462
79.5501720430107
79.4771075268817
79.6218709677419
79.6127634408602
79.5997634408602
79.5048064516129
79.5272688172043
79.5384946236559
79.5558064516129
79.4962795698925
79.4801397849462
79.4923655913979
79.6073440860215
79.4537311827957
79.560752688172
79.6237741935484
79.4415053763441
79.5170967741935
79.4770215053763
79.5692365591398
79.4986774193548
79.5546129032258
79.5355483870968
79.5711720430107
79.5030215053763
79.5633225806452
79.5570967741936
79.5314946236559
79.5183440860215
79.5187204301075
79.4991935483871
79.5387311827957
79.5911505376344
79.5547096774194
79.6194193548387
79.559623655914
79.5433655913978
79.5157419354839
79.5990967741936
79.5165913978495
79.5214946236559
79.4876989247312
79.5615913978495
79.5868279569893
79.5466559139785
79.5261935483871
79.5852795698925
79.4908817204301
79.5176129032258
79.5625698924731
79.5057849462366
79.569752688172
79.5539892473118
79.5509462365591
79.5343978494624
79.5820967741935
79.4870215053763
79.5675913978495
79.5890107526882
79.5371075268817
79.5454516129032
79.5440215053763
79.5659462365591
79.5202580645161
79.4536559139785
79.5857419354839
79.6239892473118
79.598440860215
79.5348924731183
79.5306451612903
79.5187849462366
79.6228064516129
79.5439569892473
79.5860107526882
79.528311827957
79.4963225806452
79.5832580645161
79.4360107526882
79.5434623655914
79.5533655913978
79.5108602150538
79.546623655914
79.5383225806452
79.4813010752688
79.5658064516129
79.5526344086021
79.5801935483871
79.5593548387097
79.4749892473118
79.5408709677419
79.5397311827957
79.5474193548387
79.5169569892473
79.5106559139785
79.506064516129
79.4936021505376
79.5479032258065
79.4709677419355
79.4579139784946
79.551064516129
79.4956129032258
79.4808387096774
79.5225053763441
79.487
79.4733333333333
79.4656989247312
79.524935483871
79.5186559139785
79.5029569892473
79.571935483871
79.5175161290323
79.5808172043011
79.4994731182796
79.5342365591398
79.6767741935484
79.527247311828
79.5411720430107
79.5389569892473
79.5546666666667
79.5066774193548
79.5967741935484
79.4788709677419
79.6391397849462
79.5184731182796
79.4799462365591
79.5418817204301
79.5628387096774
79.5575698924731
79.5315053763441
79.5838279569893
79.6016451612903
79.4698924731183
79.5401612903226
79.4644193548387
79.5476344086021
79.5462688172043
79.6011505376344
79.5448279569893
79.5605806451613
79.4776129032258
79.5361182795699
79.6287849462366
79.5577311827957
79.5677634408602
79.6249677419355
79.5106129032258
79.5336451612903
79.5543440860215
79.4799032258065
79.5091935483871
79.5389462365591
79.5708817204301
79.563935483871
79.4671612903226
79.5635591397849
79.5306344086022
79.5251397849462
79.5361075268817
79.4435053763441
79.5534301075269
79.6040107526882
79.5170752688172
79.5105376344086
79.4879892473118
79.514688172043
79.6312365591398
79.5968279569892
79.4223225806452
79.5705698924731
79.5906021505376
79.4588387096774
79.4381397849462
79.5272795698925
79.5089462365591
79.4779462365591
79.5268387096774
79.5480215053763
79.4666129032258
79.4942043010753
79.582752688172
79.5043548387097
79.5203333333333
79.591935483871
79.5089139784946
79.598935483871
79.4869032258065
79.5573225806452
79.5363333333333
79.550935483871
79.5233870967742
79.5674408602151
79.553
79.6347419354839
79.5419139784946
79.5934301075269
79.517440860215
79.5512795698925
79.5747956989247
79.5474516129032
79.532376344086
79.5026451612903
79.578311827957
79.5630322580645
79.5191827956989
79.4957956989247
79.546752688172
79.5475161290323
79.6377634408602
79.5385806451613
79.5301720430108
79.6030430107527
79.4741182795699
79.5403870967742
79.5122365591398
79.5039139784946
79.541935483871
79.5378709677419
79.5821612903226
79.4884623655914
79.5786989247312
79.5413333333333
79.5682150537634
79.5546559139785
79.5365268817204
79.5225913978495
79.5401075268817
79.5295913978495
79.4560107526882
79.6245053763441
79.5378817204301
79.6288064516129
79.5128064516129
79.4920537634409
79.5850107526882
79.5185591397849
79.4926989247312
79.5551397849462
79.4828279569892
79.4888172043011
79.466752688172
79.566376344086
79.5431075268817
79.5713225806452
79.4884408602151
79.5542365591398
79.5540107526882
79.6156559139785
79.5584193548387
79.5326344086021
79.5198172043011
79.5266666666667
79.5272580645161
79.5231505376344
79.5458064516129
79.5575161290323
79.5372795698925
79.5145268817204
79.5244946236559
79.5312580645161
79.5668172043011
79.5356559139785
79.5005376344086
79.5420752688172
79.516247311828
79.4405161290323
79.5398064516129
79.5414946236559
79.5455913978495
79.4772903225806
79.4689247311828
79.5764838709677
79.5178924731183
79.558376344086
79.489247311828
79.5721720430108
79.5011612903226
79.4502150537634
79.624935483871
79.546623655914
79.5117096774194
79.5303548387097
79.4355483870968
79.5276666666667
79.4627419354839
79.4785483870968
79.5115913978495
79.5219784946237
79.5360537634409
79.4722150537634
79.555
79.5605161290323
79.532935483871
79.5291290322581
79.5253870967742
79.5777419354839
79.5781290322581
79.4862688172043
79.5466021505376
79.4692688172043
79.4565053763441
79.5039462365591
79.514440860215
79.5245268817204
79.5885591397849
79.5400430107527
79.5214623655914
79.539935483871
79.516
79.5306559139785
79.6640860215054
79.4765913978495
79.4655053763441
79.6282795698925
79.6038387096774
79.5320967741935
79.5905483870968
79.5259569892473
79.4644301075269
79.5312580645161
79.5625268817204
79.5011075268817
79.5304408602151
79.5159569892473
79.5389892473118
79.4614731182796
79.552623655914
79.5401612903226
79.4936129032258
79.5534731182796
79.5323225806452
79.5097204301075
79.5241182795699
79.5960322580645
79.5266559139785
79.5285053763441
79.4489892473118
79.5484408602151
79.5205376344086
79.4857096774194
79.581752688172
79.5154838709677
79.5469784946237
79.4241505376344
79.4334516129032
79.5486129032258
79.4984086021505
79.5606774193548
79.5205913978495
79.5642795698925
79.5114516129032
79.4622043010753
79.4520322580645
79.4918172043011
79.566376344086
79.5815806451613
79.526247311828
79.5989784946237
79.5479247311828
79.6069784946237
79.5911720430108
79.4310322580645
79.5257311827957
79.5549247311828
79.6022795698925
79.4868172043011
79.6172043010753
79.504064516129
79.5811720430108
79.5757204301075
79.5715268817204
79.5234946236559
79.5493548387097
79.5055698924731
79.473623655914
79.538688172043
79.3914946236559
79.5192688172043
79.5418924731183
79.5049247311828
79.5495483870968
79.5241505376344
79.5068709677419
79.5241290322581
79.4852150537634
79.5666989247312
79.4116774193548
79.4785806451613
79.5773655913979
79.4499569892473
79.5734838709677
79.603
79.5141935483871
79.545688172043
79.4701505376344
79.5411290322581
79.4838172043011
79.5515483870968
79.5040322580645
79.5888387096774
79.5563010752688
79.5774838709677
79.5252795698925
79.5357634408602
79.5326451612903
79.5325161290323
79.5248064516129
79.4929784946237
79.4662903225806
79.555247311828
79.4570860215054
79.5914946236559
79.5637419354839
79.4905591397849
79.5789462365591
79.5432365591398
79.5457204301075
79.4722043010753
79.5470860215054
79.5511182795699
79.4612903225807
79.5692258064516
79.5473870967742
79.5093010752688
79.5898817204301
79.5061182795699
79.5038064516129
79.5773440860215
79.4418172043011
79.4667741935484
79.5400107526882
79.5624838709677
79.4749677419355
79.6168387096774
79.6123978494624
79.5318172043011
79.5161935483871
79.5328279569893
79.5834193548387
79.6128279569892
79.4722258064516
79.5680860215054
79.5195591397849
79.5889032258064
79.5542365591398
79.5210967741936
79.5902903225806
79.4918172043011
79.5381290322581
79.4393225806452
79.4993440860215
79.5978064516129
79.5261397849462
79.5781720430108
79.547311827957
79.5537419354839
79.5638494623656
79.5589569892473
79.5811505376344
79.3960752688172
79.5219139784946
79.519688172043
79.5482795698925
79.5473225806452
79.6071827956989
79.5534731182796
79.5138172043011
79.5718602150538
79.5710537634409
79.5122688172043
79.5199569892473
79.6110752688172
79.5052688172043
79.5887849462366
79.5345161290323
79.602623655914
79.6758494623656
79.5154408602151
79.5493655913978
79.5334516129032
79.597247311828
79.6023548387097
79.5744623655914
79.5221075268817
79.4869784946237
79.5711505376344
79.467
79.5933548387097
79.5349139784946
79.5869892473118
79.465935483871
79.5218924731183
79.5649892473118
79.5012258064516
79.4841720430108
79.5301720430108
79.4818602150538
79.5081182795699
79.5127096774194
79.5009569892473
79.6298924731183
79.582
79.5121935483871
79.628
79.4807096774194
79.5070860215054
79.5840860215054
79.5631935483871
79.5556774193548
79.6044301075269
79.6140430107527
79.5458387096774
79.4675806451613
79.5076666666667
79.6060215053763
79.5376666666667
79.5488279569892
79.5356344086021
79.5730860215054
79.5688064516129
79.5584838709677
79.5617849462366
79.4800537634409
79.5738064516129
79.5583548387097
79.5088172043011
79.5605698924731
79.4628387096774
79.6330215053763
79.545247311828
79.5594946236559
79.5349892473118
79.5700322580645
79.533064516129
79.4692150537634
79.5751720430108
79.6034731182796
79.5213870967742
79.5380537634409
79.5547634408602
79.5024193548387
79.5958279569893
79.6307204301075
79.6064838709677
79.5549139784946
79.5225483870968
79.4766021505376
79.6032688172043
79.5358064516129
79.4636451612903
79.5432043010753
79.5478279569893
79.4874623655914
79.6566666666667
79.5086774193548
79.519752688172
79.4924193548387
79.5036021505376
79.5787311827957
79.5395806451613
79.5509892473118
79.4880967741936
79.4902903225806
79.4892580645161
79.5008817204301
79.5767741935484
79.5432150537634
79.5521720430108
79.546752688172
79.6448817204301
79.5106559139785
79.5774731182796
79.5350322580645
79.5732043010753
79.4248064516129
79.5696021505376
79.5358279569893
79.5249784946237
79.576247311828
79.5728064516129
79.6431505376344
79.5360107526882
79.6067741935484
79.6271612903226
79.5636666666667
79.6105913978495
79.5120215053763
79.5874516129032
79.5406989247312
79.5399892473118
79.6401290322581
79.5935268817204
79.6111720430108
79.5768602150538
79.5160967741935
79.4970107526882
79.5624516129032
79.5837311827957
79.5733655913978
79.5248279569892
79.537688172043
79.4878494623656
79.529064516129
79.5034731182796
79.5341397849462
79.5852365591398
79.4959784946237
79.4708064516129
79.4718709677419
79.5258172043011
79.5232795698925
79.5401075268817
79.5261075268817
79.5619462365591
79.5887849462366
79.5394946236559
79.4712365591398
79.4625913978495
79.6166451612903
79.5716451612903
79.5309032258065
79.5090537634409
79.5070430107527
79.5307311827957
79.5669569892473
79.5397204301075
79.4855806451613
79.5698709677419
79.5102150537634
79.4834838709677
79.4770752688172
79.5342258064516
79.6007096774194
79.534376344086
79.5598709677419
79.5416666666667
79.5257634408602
79.6434193548387
79.511688172043
79.4988387096774
79.5600752688172
79.5991505376344
79.5030752688172
79.5057096774194
79.4981612903226
79.5734731182796
79.5128709677419
79.6001505376344
79.5698924731183
79.537752688172
79.6065483870968
79.5764193548387
79.4385806451613
79.6051075268817
79.5520215053763
79.555311827957
79.547064516129
79.5547096774194
79.5589139784946
79.5644193548387
79.5565698924731
79.4294516129032
79.4998279569893
79.5206129032258
79.5870430107527
79.5392258064516
79.5501397849462
79.5296451612903
79.5147634408602
79.5720430107527
79.6163870967742
79.5011935483871
79.5597096774193
79.5628924731183
79.5327956989247
79.529623655914
79.5451612903226
79.4810107526882
79.574311827957
79.5076344086021
79.4951505376344
79.4883548387097
79.5068494623656
79.5656021505376
79.5254193548387
79.5753010752688
79.5566129032258
79.5325913978495
79.5810215053763
79.519247311828
79.5746021505376
79.5773870967742
79.5076129032258
79.5526774193548
79.5551612903226
79.5417204301075
79.5829462365591
79.5593225806452
79.5367419354839
79.6094516129032
79.6116021505376
79.549064516129
79.5473655913978
79.5159462365591
79.4738602150538
79.5120215053763
79.5342043010753
79.501935483871
79.5373870967742
79.5469032258064
79.6074516129032
79.5113548387097
79.5394408602151
79.5253225806452
79.534064516129
79.5053655913978
79.6184086021505
79.5493870967742
79.5302795698925
79.5855376344086
79.574752688172
79.5547311827957
79.4932688172043
79.5884516129032
79.5237311827957
79.4763333333333
79.5179784946237
79.5944731182796
79.6361935483871
79.4961075268817
79.5450752688172
79.574
79.5332043010753
79.6125483870968
79.5035913978495
79.5032795698925
79.5729784946237
79.4438172043011
79.572623655914
79.5138709677419
79.5066021505376
79.5272043010753
79.5308494623656
79.5489892473118
79.547440860215
79.4802903225806
79.5381720430107
79.5385053763441
79.5762688172043
79.5147634408602
79.5177956989247
79.5190430107527
79.5996021505376
79.5247956989247
79.4809462365591
79.555376344086
79.5322258064516
79.5302580645161
79.481247311828
79.5110430107527
79.5120107526882
79.5073548387097
79.5915053763441
79.5733333333333
79.4944946236559
79.5755161290323
79.5303870967742
79.5246021505376
79.5935376344086
79.5246451612903
79.568376344086
79.5722688172043
79.6096559139785
79.5460860215054
79.6091827956989
79.6513333333333
79.5610752688172
79.5495483870968
79.5362043010753
79.5175268817204
79.5931612903226
79.5990860215054
79.5410215053763
79.598752688172
79.525623655914
79.4782258064516
79.4383548387097
79.4995806451613
79.5190752688172
79.4967634408602
79.6182903225806
79.537688172043
79.5362795698925
79.5885913978495
79.537688172043
79.4600430107527
79.5406559139785
79.551752688172
79.4851290322581
79.5465913978495
79.5294946236559
79.5501720430107
79.5222043010753
79.5274301075269
79.5321505376344
79.6056989247312
79.6363333333333
79.4922903225806
79.5351505376344
79.6534408602151
79.5927956989247
79.4779462365591
79.5081290322581
79.5181827956989
79.5224193548387
79.4962688172043
79.5443440860215
79.5903333333333
79.5153870967742
79.524064516129
79.551688172043
79.5059032258064
79.4991935483871
79.6270322580645
79.4776451612903
79.5879462365591
79.533752688172
79.5127849462366
79.5753655913979
79.5332258064516
79.552752688172
79.5447311827957
79.5818602150538
79.457247311828
79.462623655914
79.5454301075269
79.550376344086
79.6047311827957
79.5068924731183
79.5362150537634
79.5900322580645
79.4720322580645
79.4905698924731
79.5118064516129
79.5838602150538
79.5116666666667
79.4896559139785
79.4995376344086
79.5231505376344
79.5617956989247
79.5702258064516
79.5782365591398
79.5826451612903
79.6101612903226
79.4641290322581
79.4911935483871
79.5136021505376
79.5747311827957
79.5335053763441
79.6041612903226
79.5486989247312
79.520376344086
79.6167311827957
79.4786129032258
79.5401075268817
79.5586989247312
79.5592688172043
79.5426344086022
79.4639892473118
79.5314731182796
79.5861182795699
79.5218064516129
79.5328817204301
79.5027419354839
79.5112795698925
79.5198064516129
79.5183225806452
79.535311827957
79.6529677419355
79.5432688172043
79.5846666666667
79.5123978494624
79.4799139784946
79.5351612903226
79.4749677419355
79.5775161290323
79.4971075268817
79.5080215053763
79.5276129032258
79.564
79.439247311828
79.5196129032258
79.5179462365591
79.5575591397849
79.5409892473118
79.5292043010753
79.4639139784946
79.4848387096774
79.5297634408602
79.4345806451613
79.5198494623656
79.5255913978495
79.526
79.5346451612903
79.4682795698925
79.5438924731183
79.5487741935484
79.5388494623656
79.5474193548387
79.4654301075269
79.5381290322581
79.4051935483871
79.545752688172
79.5600215053763
79.5807741935484
79.4614086021505
79.4548924731183
79.7020322580645
79.5383440860215
79.4479784946237
79.5608924731183
79.5954838709677
79.5605268817204
79.5258924731183
79.5940107526882
79.5766774193548
79.4775268817204
79.5578494623656
79.5517849462366
79.5721720430108
79.5852580645161
79.4857741935484
79.5485376344086
79.4512150537634
79.5982688172043
79.594935483871
79.546688172043
79.5066666666667
79.5433440860215
79.5332903225806
79.5082258064516
79.4614623655914
79.4579139784946
79.4972688172043
79.5222365591398
79.5466989247312
79.4965053763441
79.4965268817204
79.5591290322581
79.4694623655914
79.4541182795699
79.4677956989247
79.5593870967742
79.6097956989247
79.5939139784946
79.5745376344086
79.4924623655914
79.5584408602151
79.5607419354839
79.5728602150538
79.5307634408602
79.5063978494624
79.5405483870968
79.552376344086
79.4771290322581
79.5164516129032
79.5340860215054
79.6091827956989
79.5024731182796
79.5242258064516
79.5117204301075
79.5367311827957
79.5054086021505
79.5647634408602
79.5377311827957
79.533376344086
79.4859139784946
79.4976774193548
79.5579569892473
79.6014946236559
79.4978279569892
79.4830967741936
79.4883225806452
79.5766774193548
79.5149677419355
79.5729569892473
79.582688172043
79.5146774193548
79.5568064516129
79.542064516129
79.5052150537634
79.5606666666667
79.5643010752688
79.618688172043
79.6157096774194
79.4741935483871
79.5984838709677
79.4912688172043
79.5955053763441
79.5530215053763
79.5281182795699
79.5141720430108
79.5061505376344
79.5502258064516
79.5466559139785
79.5352795698925
79.4626666666667
79.5375806451613
79.5248494623656
79.4726021505376
79.4852688172043
79.6382365591398
79.5312688172043
79.5345806451613
79.631
79.5247849462366
79.5788279569892
79.5879784946237
79.5096666666667
79.4411505376344
79.5484623655914
79.6115053763441
79.5679032258064
79.5586666666667
79.5455591397849
79.430935483871
79.5924086021505
79.6073225806452
79.5013978494624
79.5703440860215
79.5877096774194
79.5628494623656
79.5519139784946
79.5701720430108
79.4856559139785
79.552935483871
79.5371827956989
79.5425913978495
79.5329247311828
79.5043225806452
79.5898064516129
79.5327311827957
79.6209892473118
79.5828387096774
79.5791827956989
79.4667956989247
79.5358387096774
79.497311827957
79.530688172043
79.5073333333333
79.5601075268817
79.5765913978495
79.5324946236559
79.5714301075269
79.5875698924731
79.5367634408602
79.493311827957
79.5461827956989
79.4638279569892
79.5096989247312
79.5680215053763
79.5585483870968
79.4841397849462
79.6063333333333
79.536311827957
79.6434516129032
79.5272580645161
79.4628387096774
79.5070752688172
79.553376344086
79.5489139784946
79.5563333333333
79.5703010752688
79.5074838709677
79.5572043010753
79.4984838709677
79.5501827956989
79.5361290322581
79.5848709677419
79.5502580645161
79.4471290322581
79.4827311827957
79.5889032258064
79.4519784946237
79.5641827956989
79.5931505376344
79.4733870967742
79.5458172043011
79.534311827957
79.5641612903226
79.5286559139785
79.5577204301075
79.499064516129
79.5540860215054
79.5329247311828
79.578752688172
79.5466451612903
79.529935483871
79.5019032258064
79.5406559139785
79.5132903225806
79.4417311827957
79.6251827956989
79.5211182795699
79.5193978494624
79.4388279569892
79.4651397849462
79.561688172043
79.6004193548387
79.5793870967742
79.5778602150538
79.5087956989247
79.5797741935484
79.5499569892473
79.4969462365591
79.5551720430108
79.5308817204301
79.5351505376344
79.437440860215
79.5399677419355
79.4991290322581
79.5078924731183
79.560247311828
79.4664086021505
79.6204193548387
79.5635483870968
79.4870860215054
79.4568924731183
79.4938064516129
79.5521075268817
79.5378494623656
79.5784623655914
79.4797956989247
79.5151075268817
79.5316129032258
79.5290215053763
79.4332043010753
79.5138709677419
79.5186129032258
79.5713440860215
79.5196344086021
79.5260537634409
79.4668924731183
79.5238064516129
79.6360860215054
79.5767956989247
79.561688172043
79.6182043010753
79.5843655913979
79.5485913978495
79.571623655914
79.5515376344086
79.5581505376344
79.5500967741935
79.5229139784946
79.4948279569892
79.5810107526882
79.5379247311828
79.4904731182796
79.5655698924731
79.6168172043011
79.5617311827957
79.5942688172043
79.5558817204301
79.550376344086
79.5621397849462
79.568752688172
79.5313870967742
79.5239462365591
79.6315483870968
79.4936129032258
79.5835913978495
79.5217634408602
79.5099139784946
79.4579139784946
79.5738279569892
79.5368494623656
79.4874623655914
79.5437956989247
79.5187419354839
79.5371935483871
79.5417419354839
79.4616989247312
79.5190752688172
79.5748602150538
79.5711720430107
79.6090752688172
79.539311827957
79.5674946236559
79.4822258064516
79.6014838709677
79.4445053763441
79.482688172043
79.5187419354839
79.478623655914
79.4817096774194
79.5705376344086
79.5742580645161
79.5815376344086
79.4580537634409
79.6188602150538
79.5603655913979
79.5628817204301
79.5172580645161
79.5236451612903
79.5505053763441
79.5898279569893
79.4711290322581
79.6082580645161
79.5204731182796
79.5689569892473
79.5816989247312
79.5528064516129
79.5292903225806
79.5522150537634
79.5442258064516
79.568559139785
79.5603655913979
79.5230430107527
79.5038817204301
79.5404193548387
79.5112043010753
79.5725806451613
79.5328279569893
79.4781290322581
79.5343225806452
79.5415376344086
79.6124623655914
79.5607096774194
79.4805268817204
79.4939784946237
79.495247311828
79.5177634408602
79.4907849462366
79.4892043010753
79.5409784946237
79.5081505376344
79.5275376344086
79.5490430107527
79.5992150537634
79.5331397849462
79.5671397849462
79.6487634408602
79.5139032258065
79.5144623655914
79.4966344086021
79.5872365591398
79.5771075268817
79.4474408602151
79.6108387096774
79.5078924731183
79.5240537634409
79.5087956989247
79.5272688172043
79.5452903225806
79.5669784946237
79.5392043010753
79.5039569892473
79.4826021505376
79.4673010752688
79.399064516129
79.5696774193548
79.5605376344086
79.5525376344086
79.5629032258065
79.558064516129
79.5087741935484
79.5344731182796
79.4910752688172
79.5283548387097
79.614064516129
79.4822580645161
79.5328494623656
79.5935698924731
79.5607634408602
79.5338709677419
79.6082258064516
79.5800322580645
79.5574731182796
79.599752688172
79.5568924731183
79.5454516129032
79.4882903225806
79.5481935483871
79.5558602150538
79.5669462365591
79.5118172043011
79.5643978494624
79.568935483871
79.4640752688172
79.5995698924731
79.5869784946237
79.5245483870968
79.4392580645161
79.5751075268817
79.5042903225806
79.5426989247312
79.6504086021505
79.5675913978495
79.5468387096774
79.599752688172
79.6099247311828
79.5357096774193
79.5312795698925
79.5725806451613
79.4845698924731
79.5124086021505
79.4475376344086
79.5269462365591
79.4961612903226
79.6452043010753
79.5600752688172
79.5122043010753
79.4954193548387
79.516
79.5133870967742
79.5083225806452
79.5501075268817
79.5257419354839
79.6184946236559
79.535376344086
79.563311827957
79.4733548387097
79.5194301075269
79.4340860215054
79.5830107526882
79.548064516129
79.5240215053763
79.5108387096774
79.4842795698925
79.5539784946236
79.4258064516129
79.5507634408602
79.5350752688172
79.4811827956989
79.5305698924731
79.5105483870968
79.5748064516129
79.5308387096774
79.5338494623656
79.4878494623656
79.5970107526882
79.5438709677419
79.4638494623656
79.5183655913979
79.5077956989247
79.4918387096774
79.5898387096774
79.4978279569892
79.4756344086021
79.5591182795699
79.5839032258065
79.5590967741935
79.4509032258065
79.592752688172
79.5836451612903
79.6133870967742
79.4731935483871
79.485
79.5470860215054
79.5326451612903
79.5648602150538
79.5266451612903
79.4864516129032
79.5741182795699
79.4888172043011
79.4527419354839
79.5446021505376
79.526559139785
79.5831612903226
79.5644731182796
79.4601505376344
79.5354946236559
79.5984731182796
79.5790107526882
79.516376344086
79.541064516129
79.535
79.555064516129
79.5738602150538
79.4612903225806
79.5176129032258
79.4821075268817
79.5646774193548
79.5312580645161
79.5541505376344
79.5139784946237
79.5471397849462
79.5178279569893
79.5463870967742
79.5828172043011
79.5585483870968
79.5381290322581
79.4831075268817
79.5560967741935
79.470247311828
79.5505483870968
79.535935483871
79.5850430107527
79.5605268817204
79.4975376344086
79.5784946236559
79.4420430107527
79.5921612903226
79.4406666666667
79.5847204301075
79.511623655914
79.4883440860215
79.5787419354839
79.5972580645161
79.5236559139785
79.5504516129032
79.4308817204301
79.5203978494624
79.5066129032258
79.5059139784946
79.5792903225806
79.5349247311828
79.5093333333333
79.4690967741935
79.519
79.5305806451613
79.5622580645161
79.5400967741935
79.5189462365591
79.5460752688172
79.5480860215054
79.5279569892473
79.5238709677419
79.5608064516129
79.6431935483871
79.5764086021505
79.4836451612903
79.5214408602151
79.4562365591398
79.6254731182796
79.5998387096774
79.548064516129
79.5143010752688
79.4901935483871
79.5730537634409
79.5636666666667
79.5731935483871
79.5587634408602
79.5459247311828
79.5638387096774
79.5152365591398
79.5539139784946
79.5624086021505
79.5522903225806
79.4917311827957
79.5457634408602
79.5112903225806
79.4978817204301
79.5600860215054
79.5254731182796
79.5514838709677
79.5764408602151
79.6132688172043
79.4957956989247
79.4882150537634
79.5100537634409
79.5232580645161
79.4990860215054
79.5274193548387
79.4955591397849
79.5547311827957
79.5033548387097
79.5120107526882
79.6109784946237
79.5742688172043
79.5064408602151
79.5486774193548
79.4760322580645
79.521376344086
79.4361290322581
79.5098064516129
79.527935483871
79.6090752688172
79.5404086021505
79.5096021505376
79.5162150537634
79.5315268817204
79.5913548387097
79.5331182795699
79.4910215053763
79.5464193548387
79.5913225806452
79.535247311828
79.4774731182796
79.5436451612903
79.5299462365591
79.5740537634409
79.4520107526882
79.4879892473118
79.4527419354839
79.6289569892473
79.5695268817204
79.633752688172
79.5156774193548
79.5484301075269
79.4747096774194
79.5520215053763
79.556064516129
79.4917741935484
79.5651935483871
79.5470752688172
79.5053010752688
79.5961505376344
79.472376344086
79.5089892473118
79.5500860215054
79.5126559139785
79.5546559139785
79.6118602150538
79.5855913978495
79.5335591397849
79.6085161290323
79.5611397849462
79.5962258064516
79.5335698924731
79.6117311827957
79.4593225806452
79.5094408602151
79.6295268817204
79.5104623655914
79.510752688172
79.5257849462366
79.5395268817204
79.5383440860215
79.5751290322581
79.499311827957
79.5722795698925
79.559064516129
79.5958387096774
79.540376344086
79.5929892473118
79.5311182795699
79.5419784946236
79.5653870967742
79.577935483871
79.5410752688172
79.573064516129
79.5282150537634
79.5967311827957
79.4722688172043
79.4855806451613
79.5488172043011
79.5053870967742
79.5341075268817
79.4572150537634
79.5385806451613
79.5784838709677
79.5905698924731
79.3904838709677
79.5974623655914
79.5682365591398
79.550935483871
79.581752688172
79.5534838709677
79.4910322580645
79.4821505376344
79.5038817204301
79.5680322580645
79.5767311827957
79.4785376344086
79.5187419354839
79.5171182795699
79.5947419354839
79.5309892473118
79.5065376344086
79.5169892473118
79.5032795698925
79.5172903225806
79.4580322580645
79.5604408602151
79.4520752688172
79.5175698924731
79.5746989247312
79.5056344086021
79.4915053763441
79.4991935483871
79.5299139784946
79.5753548387097
79.5909139784946
79.5230215053763
79.5258279569892
79.6305268817204
79.4694946236559
79.5634623655914
79.5717956989247
79.4821612903226
79.543311827957
79.5220967741935
79.5904838709677
79.4926666666667
79.4689569892473
79.5392580645161
79.5435913978495
79.5803440860215
79.5658064516129
79.5363440860215
79.5891935483871
79.5810860215054
79.6047956989247
79.5191935483871
79.4766021505376
79.5753870967742
79.5701505376344
79.5753870967742
79.6067096774194
79.5100537634409
79.5672795698925
79.5360430107527
79.5323010752688
79.467064516129
79.561688172043
79.5224623655914
79.4718279569892
79.484064516129
79.5239569892473
79.4690537634409
79.5098494623656
79.522688172043
79.4951182795699
79.5781612903226
79.538440860215
79.4813010752688
79.5864731182796
79.5873010752688
79.5556774193548
79.5385053763441
79.5655053763441
79.5792365591398
79.5260322580645
79.5469462365591
79.565
79.5668924731183
79.5311182795699
79.646688172043
79.4867956989247
79.5501720430107
79.490623655914
79.4771827956989
79.4796774193548
79.4676666666667
79.5138817204301
79.5981505376344
79.5527204301075
79.5908279569892
79.5732580645161
79.5387956989247
79.5297956989247
79.5248709677419
79.6077204301075
79.5842903225806
79.5936989247312
79.5755913978495
79.5303870967742
79.5510322580645
79.4707741935484
79.5533010752688
79.4565483870968
79.5309032258065
79.6201612903226
79.5514193548387
79.6356989247312
79.5067741935484
79.5587741935484
79.5550752688172
79.5400322580645
79.5085053763441
79.5093655913979
79.5886021505376
79.51
79.5299677419355
79.6148064516129
79.4703548387097
79.565247311828
79.5399462365591
79.532247311828
79.5617741935484
79.5958387096774
79.5590430107527
79.4930430107527
79.5692365591398
79.6024838709677
79.5421397849462
79.609247311828
79.5464623655914
79.5186666666667
79.4733655913979
79.5068064516129
79.6066451612903
79.5985913978495
79.5948387096774
79.4765698924731
79.514935483871
79.4786774193548
79.5062580645161
79.5020430107527
79.5403010752688
79.534247311828
79.5465913978495
79.5752258064516
79.5902580645161
79.4970860215054
79.5746451612903
79.5003548387097
79.5653655913978
79.5666344086022
79.4400107526882
79.5008064516129
79.5366774193548
79.4898709677419
79.549
79.5644516129032
79.5465053763441
79.5873440860215
79.5383010752688
79.4722688172043
79.5492903225806
79.5736129032258
79.6006129032258
79.526247311828
79.4822043010753
79.5850967741935
79.5691075268817
79.498064516129
79.5675053763441
79.5029032258064
79.5504193548387
79.5134623655914
79.4981505376344
79.4129784946237
79.5401827956989
79.4951075268817
79.5464193548387
79.609623655914
79.5268924731183
79.4716129032258
79.5610752688172
79.5922795698925
79.5544516129032
79.5510322580645
79.5466666666667
79.4563655913979
79.4424301075269
79.5474516129032
79.541
79.5521720430108
79.5693225806452
79.4991290322581
79.5061075268817
79.5306129032258
79.5656989247312
79.4805483870968
79.5178602150538
79.5221935483871
79.5292258064516
79.4827849462366
79.4956666666667
79.5125053763441
79.4979784946237
79.5636989247312
79.5262365591398
79.4817634408602
79.5284731182796
79.5416021505376
79.5900107526882
79.5531720430107
79.5440967741935
79.5531935483871
79.5590967741935
79.5539784946236
79.5335483870968
79.5822365591398
79.5567741935484
79.4401612903226
79.6052043010753
79.5015591397849
79.528935483871
79.515311827957
79.4932043010753
79.5345483870968
79.4906666666667
79.4543870967742
79.5011397849462
79.5494623655914
79.5131720430108
79.5419462365591
79.5001397849462
79.4819784946237
79.5335591397849
79.5730537634409
79.5029784946237
79.5180430107527
79.5434516129032
79.5034623655914
79.516247311828
79.5595053763441
79.5040430107527
79.5349139784946
79.5413225806452
79.6619784946237
79.5459139784946
79.4978602150538
79.615
79.5967096774194
79.5107634408602
79.5545483870968
79.5377634408602
79.4995053763441
79.5404516129032
79.5280430107527
79.5435806451613
79.5451397849462
79.5310430107527
79.5003870967742
79.5925483870968
79.5120860215054
79.560311827957
79.5316559139785
79.6068924731183
79.538247311828
79.5806021505376
79.5995591397849
79.5638064516129
79.5431505376344
79.5213010752688
79.5546559139785
79.5155806451613
79.5458709677419
79.5630860215054
79.5954623655914
79.6144946236559
79.5671612903226
79.5575161290323
79.6415806451613
79.5122150537634
79.5917741935484
79.5590322580645
79.4700860215054
79.4975483870968
79.5522150537634
79.5355913978495
79.5257204301075
79.552623655914
79.5840107526882
79.5344516129032
79.5473010752688
79.540376344086
79.5117956989247
79.6565698924731
79.6286344086022
79.5332258064516
79.513752688172
79.499688172043
79.5808602150538
79.5160967741935
79.5013870967742
79.5223978494624
79.5028494623656
79.5516774193548
79.5161075268817
79.4446666666667
79.5138387096774
79.4527741935484
79.5186666666667
79.5067956989247
79.5714946236559
79.4883655913979
79.5391505376344
79.4573978494624
79.4947634408602
79.5745161290323
79.5163655913978
79.5981397849462
79.4432365591398
79.6365376344086
79.4832258064516
79.5211397849462
79.4756666666667
79.4951182795699
79.4987311827957
79.5402903225806
79.5811182795699
79.6421720430107
79.5573548387097
79.6094193548387
79.5497311827957
79.5658172043011
79.5298387096774
79.6058279569892
79.6111182795699
79.5663010752688
79.5270967741936
79.5453333333333
79.4629462365591
79.5340752688172
79.5910107526882
79.4805483870968
79.5233548387097
79.5686344086022
79.5757741935484
79.5041182795699
79.4964086021505
79.6273870967742
79.4843440860215
79.5591290322581
79.540935483871
79.5506774193548
79.5453870967742
79.5580537634409
79.5216021505376
79.5410967741935
79.5753978494624
79.5680322580645
79.5305913978495
79.594623655914
79.5249247311828
79.5563440860215
79.5153333333333
79.482311827957
79.5034086021505
79.5320752688172
79.4764516129032
79.4936129032258
79.5388709677419
79.5580967741935
79.5056451612903
79.4748924731183
79.4903440860215
79.4968817204301
79.6001397849462
79.5071505376344
79.4713870967742
79.4660215053763
79.5445698924731
79.5403440860215
79.551
79.4960967741935
79.572752688172
79.5319247311828
79.5805483870968
79.5549784946237
79.5675161290323
79.5274838709677
79.4438924731183
79.5305913978495
79.4916021505376
79.5007311827957
79.5865268817204
79.4767849462366
79.6046774193548
79.5473010752688
79.5557741935484
79.4898387096774
79.5341505376344
79.5488817204301
79.4982688172043
79.5221612903226
79.5327634408602
79.5843225806452
79.6014193548387
79.5428064516129
79.5072258064516
79.5109569892473
79.472623655914
79.5577741935484
79.5228817204301
79.5246666666667
79.4393655913978
79.4977741935484
79.5501397849462
79.598
79.566688172043
79.5355483870968
79.5216344086022
79.5411182795699
79.5557956989247
79.6174838709677
79.5118172043011
79.5221505376344
79.460752688172
79.7091827956989
79.5121720430108
79.5111075268817
79.5035806451613
79.6013978494624
79.561752688172
79.5832580645161
79.5558064516129
79.5847741935484
79.5202258064516
79.5243978494624
79.5114301075269
79.5479784946236
79.5686774193548
79.5621075268817
79.5170537634409
79.4649677419355
79.5559569892473
79.48
79.5244408602151
79.5713010752688
79.5824408602151
79.5127956989247
79.5269247311828
79.5816021505376
79.5725053763441
79.5135268817204
79.494064516129
79.5260215053763
79.4705913978495
79.5916021505376
79.4897741935484
79.545688172043
79.5576666666667
79.5272150537634
79.5301397849462
79.5121827956989
79.4918064516129
79.5257849462366
79.6234946236559
79.5117849462366
79.5305913978495
79.5421827956989
79.5403440860215
79.5655376344086
79.5789677419355
79.442311827957
79.5348602150538
79.5164193548387
79.5210752688172
79.5247204301075
79.5337419354839
79.554623655914
79.6048924731183
79.5681720430107
79.5495591397849
79.471688172043
79.5030860215054
79.5488172043011
79.5183978494624
79.557935483871
79.628935483871
79.5670107526882
79.5653655913978
79.5466774193548
79.5878817204301
79.5120322580645
79.4983333333333
79.6126451612903
79.4747849462366
79.5235376344086
79.4638064516129
79.5709569892473
79.5765483870968
79.5224086021505
79.4932365591398
79.5338494623656
79.5767311827957
79.4860537634409
79.6004301075269
79.5664516129032
79.5782258064516
79.5090860215054
79.5298817204301
79.5624516129032
79.6321935483871
79.523
79.5809032258065
79.4684731182796
79.572064516129
79.571376344086
79.575064516129
79.4746559139785
79.5417849462366
79.4998494623656
79.5307311827957
79.6039462365591
79.4312043010753
79.5606989247312
79.6114086021505
79.4028817204301
79.5494408602151
79.632752688172
79.4687096774194
79.526247311828
79.4896666666667
79.5403440860215
79.4783225806452
79.5248064516129
79.6242365591398
79.4693978494624
79.6010860215054
79.5690107526882
79.5600752688172
79.6107204301075
79.5792365591398
79.5203870967742
79.5457204301075
79.5105591397849
79.5860215053764
79.5428387096774
79.4730537634409
79.4501290322581
79.5612365591398
79.517623655914
79.4848064516129
79.4901290322581
79.5827849462366
79.5821397849462
79.6318602150538
79.5524838709677
79.5351397849462
79.5217096774194
79.5197741935484
79.515752688172
79.4860752688172
79.577311827957
79.6133655913979
79.5419462365591
79.5652043010753
79.4927096774194
79.4751612903226
79.4568817204301
79.5248602150538
79.531935483871
79.5140215053763
79.5861935483871
79.4921720430108
79.4889892473118
79.5907204301075
79.5543655913979
79.4729569892473
79.5284946236559
79.5206344086021
79.4778817204301
79.5181612903226
79.5392795698925
79.585
79.5665161290323
79.5298064516129
79.5345591397849
79.501311827957
79.5671505376344
79.477623655914
79.5693010752688
79.4870430107527
79.4938602150538
79.6471397849462
79.5193870967742
79.5958387096774
79.5342688172043
79.4870430107527
79.4655591397849
79.4905913978495
79.5060752688172
79.4921505376344
79.535623655914
79.5197419354839
79.5362365591398
79.5102580645161
79.6084838709677
79.5831827956989
79.6326451612903
79.56
79.5832150537634
79.5258817204301
79.5868172043011
79.4933870967742
79.4784623655914
79.5691505376344
79.4715053763441
79.6261505376344
79.5108279569892
79.5052365591398
79.5746021505376
79.5091397849462
79.491376344086
79.5563333333333
79.5798387096774
79.4649247311828
79.5329139784946
79.4954731182796
79.5371935483871
79.5793225806452
79.5501827956989
79.5454301075269
79.4465161290323
79.5448924731183
79.5755806451613
79.4834731182796
79.5152043010753
79.5388064516129
79.5945806451613
79.5788924731183
79.5803333333333
79.5062903225806
79.4990430107527
79.5418387096774
79.525376344086
79.6353225806452
79.5361720430108
79.6076559139785
79.5190430107527
79.4920107526882
79.5296021505376
79.5978924731183
79.4882043010753
79.4444193548387
79.5968709677419
79.5714301075269
79.5299032258064
79.5520322580645
79.5854086021505
79.5876344086022
79.5405268817204
79.5666021505376
79.5620430107527
79.4451935483871
79.5223440860215
79.5313870967742
79.5637634408602
79.5492903225806
79.543
79.6330860215054
79.604688172043
79.541688172043
79.5136129032258
79.5659569892473
79.5540860215054
79.4540430107527
79.5428172043011
79.5372150537634
79.4964838709677
79.5480537634409
79.5743548387097
79.5619677419355
79.5028279569893
79.5134731182796
79.4534301075269
79.5854731182796
79.570623655914
79.5232795698925
79.492688172043
79.5757849462366
79.5758279569892
79.5228279569892
79.5223548387097
79.4978602150538
79.589688172043
79.5456559139785
79.4631397849462
79.5406451612903
79.551752688172
79.534623655914
79.5281612903226
79.529247311828
79.5124086021505
79.5374086021505
79.5390860215054
79.6284838709677
79.5134731182796
79.5198172043011
79.5395806451613
79.4902150537634
79.5342580645161
79.5305483870968
79.5133010752688
79.5614193548387
79.5168387096774
79.504752688172
79.5640860215054
79.5699677419355
79.5226129032258
79.5434731182796
79.5283333333333
79.5535053763441
79.5137634408602
79.4792258064516
79.5215053763441
79.4525806451613
79.5269139784946
79.4731182795699
79.5247419354839
79.460376344086
79.5517741935484
79.5769784946237
79.5574731182796
79.4780967741935
79.4513010752688
79.5491075268817
79.5573010752688
79.5514623655914
79.5064623655914
79.4774623655914
79.5459892473118
79.4511612903226
79.4896666666667
79.5760322580645
79.5127419354839
79.5197849462366
79.586935483871
79.556311827957
79.5280752688172
79.5642580645161
79.6418602150538
79.583247311828
79.5848709677419
79.5248279569892
79.5334301075269
79.5445053763441
79.6234193548387
79.5633010752688
79.6016344086022
79.5667311827957
79.6138172043011
79.5171612903226
79.487376344086
79.562623655914
79.5512365591398
79.5090322580645
79.6000752688172
79.4603978494624
79.6179032258064
79.5824623655914
79.5231075268817
79.4977204301075
79.5680752688172
79.5558387096774
79.6071075268817
79.5662150537634
79.6015053763441
79.5038924731183
79.505376344086
79.5861827956989
79.5842903225806
79.5175268817204
79.5087741935484
79.5756666666667
79.5213333333333
79.5448924731183
79.5252043010753
79.5978817204301
79.5835376344086
79.4508709677419
79.563376344086
79.5347849462366
79.5590322580645
79.6599462365591
79.539064516129
79.5947311827957
79.4831290322581
79.5808172043011
79.4984838709677
79.586247311828
79.5273548387097
79.5637204301075
79.5520860215054
79.4801290322581
79.6086989247312
79.5718709677419
79.5947956989247
79.5379784946237
79.5401612903226
79.5864516129032
79.5265806451613
79.6269462365591
79.4701182795699
79.5225806451613
79.505935483871
79.5434086021505
79.5083010752688
79.510688172043
79.513935483871
79.5060537634409
79.5452688172043
79.5597956989247
79.5464193548387
79.5012365591398
79.5394301075269
79.5551827956989
79.5302150537634
79.5446129032258
79.5584408602151
79.6446559139785
79.5063655913979
79.6121827956989
79.542311827957
79.547623655914
79.4833440860215
79.5766559139785
79.5217741935484
79.488311827957
79.5090860215054
79.5377096774194
79.5878387096774
79.5292150537634
79.5443548387097
79.508376344086
79.5040430107527
79.566752688172
79.535688172043
79.6246021505376
79.5859247311828
79.5609677419355
79.5479569892473
79.5245161290323
79.542752688172
79.4980430107527
79.4775806451613
79.5367419354839
79.5009784946237
79.563935483871
79.4821182795699
79.5433655913978
79.5622795698925
79.5893333333333
79.5833010752688
79.5155161290323
79.5547419354839
79.5313548387097
79.4791290322581
79.585247311828
79.6104193548387
79.5853548387097
79.5739892473118
79.5479677419355
79.555
79.4204408602151
79.4620752688172
79.5588064516129
79.5649032258064
79.5700107526882
79.5198387096774
79.5388602150538
79.5054623655914
79.5275913978495
79.5245268817204
79.5859892473118
79.5079569892473
79.5210752688172
79.4981182795699
79.5517956989247
79.5673548387097
79.5514193548387
79.5234516129032
79.5871935483871
79.5432903225806
79.4568817204301
79.5935376344086
79.4722365591398
79.5732043010753
79.4556559139785
79.511247311828
79.5650322580645
79.4981397849462
79.5777311827957
79.5327311827957
79.4760107526882
79.488688172043
79.6109677419355
79.5887956989247
79.5122688172043
79.5685483870968
79.5118924731183
79.5356666666667
79.5746989247312
79.5327311827957
79.6404301075269
79.5102580645161
79.5644086021505
79.4847096774194
79.5376559139785
79.4422365591398
79.471247311828
79.5589892473118
79.4955591397849
79.5404301075269
79.4975591397849
79.6524408602151
79.5715806451613
79.5815376344086
79.5499247311828
79.5595913978495
79.4837311827957
79.5794408602151
79.5064516129032
79.5765483870968
79.5655053763441
79.5321397849462
79.5145161290323
79.5462580645161
79.6241935483871
79.5505698924731
79.4712903225806
79.5702258064516
79.4952580645161
79.5365591397849
79.5512688172043
79.6020430107527
79.4785483870968
79.5100967741935
79.5394301075269
79.5218602150538
79.5231397849462
79.4700537634409
79.521623655914
79.5018279569892
79.5118924731183
79.5245806451613
79.4906559139785
79.5247096774194
79.5012258064516
79.598064516129
79.65
79.5111720430108
79.5388279569893
79.6008064516129
79.5541075268817
79.5128924731183
79.5893655913979
79.598064516129
79.5249139784946
79.4580430107527
79.5523655913978
79.536752688172
79.5591182795699
79.4721397849462
79.4743978494624
79.5648924731183
79.5378494623656
79.4814408602151
79.5310752688172
79.4940860215054
79.5494946236559
79.5335161290323
79.5290107526882
79.5616774193548
79.5074193548387
79.4597956989247
79.4892365591398
79.5868172043011
79.6031720430108
79.6430215053763
79.5372903225806
79.6203870967742
79.5619892473118
79.5623010752688
79.6264731182796
79.5711290322581
79.6172365591398
79.4441720430108
79.5829247311828
79.4706451612903
79.4997419354839
79.4821827956989
79.5027849462366
79.5628279569893
79.517688172043
79.4977741935484
79.4950107526882
79.5923548387097
79.5251612903226
79.6068709677419
79.5190430107527
79.5466989247312
79.4461612903226
79.6047311827957
79.4747311827957
79.5045483870968
79.656311827957
79.4953333333333
79.4886559139785
79.6204838709677
79.4393225806452
79.5740107526882
79.6679139784946
79.545752688172
79.5011182795699
79.550376344086
79.5182043010753
79.5406666666667
79.5016774193548
79.5383655913978
79.514623655914
79.4880967741936
79.4914946236559
79.6277741935484
79.5432580645161
79.6177741935484
79.5407634408602
79.4836021505376
79.525752688172
79.5536666666667
79.4761935483871
79.4611935483871
79.4986021505376
79.5178387096774
79.4571075268817
79.553935483871
79.5132795698925
79.536623655914
79.4962580645161
79.5404408602151
79.559247311828
79.5770430107527
79.5638817204301
79.5434301075269
79.5460967741935
79.3997311827957
79.557935483871
79.5356989247312
79.5199247311828
79.5413440860215
79.5679784946237
79.560623655914
79.5149677419355
79.5515806451613
79.5520967741935
79.5523440860215
79.6003440860215
79.5422150537634
79.5880107526882
79.5437311827957
79.5075913978495
79.5819677419355
79.5244838709677
79.4788279569892
79.4979462365591
79.5544516129032
79.5570430107527
79.5717741935484
79.6090430107527
79.5059677419355
79.5187096774194
79.516752688172
79.4912043010753
79.4661075268817
79.5616451612903
79.543
79.4708494623656
79.5329784946237
79.5607419354839
79.5378924731183
79.532247311828
79.5040537634409
79.4556666666667
79.5358172043011
79.5082795698925
79.4883440860215
79.511247311828
79.5532688172043
79.6478279569892
79.5441182795699
79.5134731182796
79.533752688172
79.5231397849462
79.4850215053763
79.4645268817204
79.4714946236559
79.5780322580645
79.5729892473118
79.5181075268817
79.470440860215
79.5173655913978
79.5601935483871
79.5678924731183
79.5256666666667
79.4981935483871
79.5210967741936
79.5126129032258
79.482440860215
79.5988172043011
79.3765376344086
79.4895591397849
79.5603978494624
79.5277741935484
79.5241075268817
79.6099677419355
79.4798602150538
79.5290322580645
79.6068494623656
79.4971505376344
79.5422258064516
79.5440537634409
79.5458064516129
79.4924193548387
79.4855161290323
79.5875483870968
79.5700752688172
79.6394193548387
79.6158924731183
79.5241612903226
79.5045698924731
79.5031397849462
79.5195053763441
79.5911182795699
79.5683655913978
79.5449032258065
79.4898279569892
79.5508924731183
79.4872258064516
79.4876559139785
79.5385053763441
79.560752688172
79.5520537634409
79.5619247311828
79.5717956989247
79.5154731182796
79.5971290322581
79.5285483870968
79.5364838709677
79.56
79.5798709677419
79.5541505376344
79.5660537634409
79.5108924731183
79.5721505376344
79.4585268817204
79.5340322580645
79.4980322580645
79.5342150537634
79.5761290322581
79.5867956989247
79.4866989247312
79.5892795698925
79.4549784946237
79.5466129032258
79.478688172043
79.5381827956989
79.4799139784946
79.5696774193548
79.5538172043011
79.5221935483871
79.4959139784946
79.5261935483871
79.5434623655914
79.6008602150538
79.5263978494624
79.4426666666667
79.5662795698925
79.4897849462366
79.5472580645161
79.5800322580645
79.5638709677419
79.5798064516129
79.4907634408602
79.5062150537634
79.4430107526882
79.5519139784946
79.4784731182796
79.5748387096774
79.5908924731183
79.5452473118279
79.5423440860215
79.5669569892473
79.5343548387097
79.6509677419355
79.505064516129
79.5161182795699
79.5782688172043
79.4427096774194
79.6036129032258
79.4824086021505
79.4956774193548
79.5385806451613
79.5403225806452
79.4870107526882
79.5347204301075
79.5798494623656
79.5478279569893
79.5152903225806
79.5387311827957
79.6145161290323
79.483376344086
79.5634086021505
79.4964838709677
79.4929462365591
79.587247311828
79.5794516129032
79.4726666666667
79.5510215053763
79.5739032258064
79.4846021505376
79.6184516129032
79.5791935483871
79.5559892473118
79.5010107526882
79.4925376344086
79.5418602150538
79.5256129032258
79.5961935483871
79.5852365591398
79.5449462365591
79.5264946236559
79.5810860215054
79.4639892473118
79.5630967741936
79.4947634408602
79.6309247311828
79.5267419354839
79.5376989247312
79.5572795698925
79.5547204301075
79.5254516129032
79.4861505376344
79.5193548387097
79.6129032258064
79.4951720430108
79.5711827956989
79.4943333333333
79.545752688172
79.5297311827957
79.5528279569892
79.5208602150538
79.5194301075269
79.5745698924731
79.5107741935484
79.4815913978495
79.6120215053763
79.5193333333333
79.5621612903226
79.5235161290323
79.5627311827957
79.5105698924731
79.6218602150538
79.5376129032258
79.5298172043011
79.5407311827957
79.5038494623656
79.5984838709677
79.4784731182796
79.478064516129
79.5691505376344
79.5489247311828
79.5178387096774
79.5618279569892
79.5971397849462
79.5816989247312
79.4995376344086
79.4280967741935
79.4962150537634
79.5339784946237
79.5781720430108
79.534752688172
79.5400860215054
79.546752688172
79.5824838709677
79.5454731182796
79.4807419354839
79.6271182795699
79.5484731182796
79.5136129032258
79.5393870967742
79.6219032258064
79.4782795698925
79.5279569892473
79.591064516129
79.5519139784946
79.5997311827957
79.5445913978495
79.5528172043011
79.5399677419355
79.5224086021505
79.5318387096774
79.5334946236559
79.5780967741936
79.496623655914
79.5709032258064
79.5578494623656
79.4979247311828
79.4745053763441
79.532440860215
79.4631720430108
79.5106774193548
79.4962365591398
79.6204731182796
79.5539892473118
79.5489569892473
79.6031827956989
79.5337741935484
79.511752688172
79.5289784946237
79.5794193548387
79.4456129032258
79.5778602150538
79.5941935483871
79.5270752688172
79.5251397849462
79.5407204301075
79.556688172043
79.6378709677419
79.5001182795699
79.5605268817204
79.487623655914
79.5118172043011
79.5694516129032
79.509064516129
79.5728924731183
79.5260967741935
79.6254731182796
79.5800430107527
79.5820752688172
79.5290967741935
79.4802043010753
79.5882688172043
79.4070430107527
79.5548709677419
79.523559139785
79.5549569892473
79.5708602150538
79.525935483871
79.4951290322581
79.6140967741935
79.6011290322581
79.6193333333333
79.4532688172043
79.5133225806452
79.5478387096774
79.548311827957
79.5418494623656
79.5879462365591
79.4944731182796
79.4517419354839
79.498935483871
79.5767741935484
79.5235806451613
79.5729032258065
79.4987956989247
79.5020322580645
79.5324623655914
79.5157634408602
79.5532903225807
79.6061397849462
79.486623655914
79.5894086021505
79.5246774193548
79.5069247311828
79.5165053763441
79.4935806451613
79.569752688172
79.5919569892473
79.5383978494624
79.5308924731183
79.5763870967742
79.5001612903226
79.4745053763441
79.4957311827957
79.4508494623656
79.4722580645161
79.5256666666667
79.5376666666667
79.5009569892473
79.474752688172
79.4998817204301
79.5998817204301
79.4937741935484
79.524376344086
79.5563010752688
79.5327741935484
79.4529784946237
79.6240215053763
79.541311827957
79.5326021505376
79.6458387096774
79.5164408602151
79.5802258064516
79.4975376344086
79.4841397849462
79.5195376344086
79.5245698924731
79.4641720430107
79.649064516129
79.6162688172043
79.4548709677419
79.5828924731183
79.5748387096774
79.559376344086
79.512623655914
79.5302150537634
79.5486451612903
79.5093333333333
79.5081290322581
79.57
79.5661505376344
79.5795376344086
79.4811182795699
79.5164193548387
79.5558387096774
79.5469139784946
79.5278924731183
79.5180430107527
79.4805806451613
79.522376344086
79.5108709677419
79.5311290322581
79.5296129032258
79.4679784946237
79.5163655913978
79.526935483871
79.4323333333333
79.4729784946237
79.5065376344086
79.4335483870968
79.5967311827957
79.489623655914
79.5965698924731
79.5504301075269
79.4799677419355
79.5478279569893
79.5701397849462
79.5341397849462
79.5771397849462
79.5610752688172
79.5479247311828
79.463376344086
79.5481182795699
79.4816451612903
79.5457956989247
79.5623870967742
79.4811182795699
79.6014946236559
79.5724623655914
79.5038924731183
79.5557096774194
79.5746666666667
79.5329784946237
79.512
79.5600215053763
79.492935483871
79.4637311827957
79.5877741935484
79.4601182795699
79.489688172043
79.5036989247312
79.518935483871
79.4985913978495
79.5101720430108
79.5536666666667
79.3945913978495
79.4846666666667
79.5593225806452
79.5962043010753
79.5256774193548
79.5234946236559
79.5032150537634
79.6111612903226
79.5206774193548
79.5051397849462
79.5214946236559
79.5220752688172
79.5020215053763
79.5482795698925
79.5288709677419
79.4752150537634
79.5701720430108
79.5321075268817
79.5331505376344
79.544623655914
79.5391827956989
79.5627741935484
79.4954838709677
79.5833333333333
79.5731397849462
79.5191612903226
79.6119677419355
79.4327956989247
79.4493548387097
79.5205161290323
79.5419892473118
79.4785913978495
79.4558279569893
79.5469892473118
79.5377204301075
79.4966129032258
79.4701505376344
79.5023548387097
79.5618602150538
79.5530860215054
79.531623655914
79.5349569892473
79.5551505376344
79.5243333333333
79.5197419354839
79.5252043010753
79.6055483870968
79.4915161290323
79.5080967741935
79.5407741935484
79.4977096774194
79.4797956989247
79.5402365591398
79.5116989247312
79.5752795698925
79.5854086021505
79.4832150537634
79.4912150537634
79.5410430107527
79.5387849462366
79.5256774193548
79.4822580645161
79.5191505376344
79.5166666666667
79.5922795698925
79.605
79.4922580645161
79.4833225806452
79.5942043010753
79.4947849462366
79.521376344086
79.4776021505376
79.5000752688172
79.4467956989247
79.5991290322581
79.6355053763441
79.5213978494624
79.5895913978495
79.6225053763441
79.5977634408602
79.4905053763441
79.4727419354839
79.4941827956989
79.5677311827957
79.5053548387097
79.5024838709677
79.4408279569893
79.5602795698925
79.5515376344086
79.6278924731183
79.4523333333333
79.4828494623656
79.563064516129
79.5536129032258
79.4525698924731
79.5807419354839
79.5651075268817
79.5900107526882
79.562311827957
79.5070430107527
79.5382580645161
79.5558387096774
79.5577204301075
79.4953978494624
79.5124193548387
79.5130430107527
79.4951612903226
79.5189569892473
79.5259784946237
79.5431290322581
79.5984946236559
79.5484301075269
79.5386021505376
79.5162580645161
79.4844946236559
79.5243978494624
79.6048817204301
79.5716129032258
79.4556989247312
79.5176774193548
79.5595161290323
79.5054516129032
79.4396129032258
79.5482150537634
79.5300967741936
79.5098494623656
79.5412580645161
79.5423225806452
79.5131075268817
79.5463870967742
79.6059569892473
79.5273333333333
79.5539892473118
79.5552043010753
79.5380752688172
79.5101827956989
79.538247311828
79.511
79.5695483870968
79.5127849462366
79.5702043010753
79.6055806451613
79.4913333333333
79.5943010752688
79.5594946236559
79.5089569892473
79.5292688172043
79.5516344086022
79.554623655914
79.5537311827957
79.5841612903226
79.5176129032258
79.5312688172043
79.5738172043011
79.5490215053763
79.5245376344086
79.5275053763441
79.4976021505376
79.5212580645161
79.5342688172043
79.5106989247312
79.527623655914
79.4552903225807
79.5500860215054
79.5048387096774
79.5136989247312
79.5651612903226
79.4700967741936
79.5154193548387
79.4792688172043
79.5802795698925
79.5118817204301
79.5191612903226
79.5626129032258
79.5034193548387
79.4656989247312
79.5601182795699
79.5265053763441
79.4854623655914
79.5313333333333
79.6003655913978
79.6098172043011
79.5299569892473
79.5686559139785
79.6328709677419
79.4468279569893
79.5922903225807
79.5417419354839
79.399688172043
79.5496989247312
79.5180215053763
79.6129784946237
79.5778709677419
79.5407096774194
79.5768279569892
79.5593548387097
79.5434301075269
79.538
79.5823010752688
79.5225483870968
79.5432903225806
79.4968924731183
79.5411290322581
79.5576559139785
79.5382903225807
79.4787741935484
79.5907634408602
79.4826989247312
79.5478817204301
79.5066666666667
79.610935483871
79.5532365591398
79.5504946236559
79.4777849462366
79.6273440860215
79.569064516129
79.5261075268817
79.5451505376344
79.6228172043011
79.4918172043011
79.5018494623656
79.4966774193548
79.4334193548387
79.5508064516129
79.5720967741936
79.4740860215054
79.5358602150538
79.5312150537634
79.4960107526882
79.496247311828
79.6095591397849
79.5582258064516
79.4906344086021
79.5608494623656
79.5505376344086
79.559559139785
79.5394516129032
79.4900752688172
79.5475483870968
79.4983440860215
79.4933225806452
79.5409677419355
79.5754301075269
79.6212150537634
79.509
79.5679892473118
79.5459892473118
79.4916129032258
79.556247311828
79.4648387096774
79.437440860215
79.5683978494624
79.5666451612903
79.5387204301075
79.5703870967742
79.5225913978495
79.5320752688172
79.5840860215054
79.5170430107527
79.4966666666667
79.5891290322581
79.5198172043011
79.5311827956989
79.5256559139785
79.5388064516129
79.5062688172043
79.5227204301075
79.5427634408602
79.496311827957
79.5497741935484
79.5291827956989
79.5331290322581
79.5682903225807
79.5770107526882
79.5785698924731
79.5055161290323
79.4795913978495
79.5343655913978
79.475376344086
79.4648387096774
79.6464516129032
79.5048494623656
79.520311827957
79.530064516129
79.5020322580645
79.5445806451613
79.5346774193548
79.4593548387097
79.5800107526882
79.3669462365591
79.5044301075269
79.4125483870968
79.585311827957
79.5419139784946
79.5363333333333
79.6141397849462
79.4901290322581
79.5309784946237
79.5573870967742
79.531376344086
79.5406559139785
79.5940860215054
79.5846989247312
79.461935483871
79.5859032258064
79.5280860215054
79.5612795698925
79.5623333333333
79.4803333333333
79.5133333333333
79.4908387096774
79.5443225806452
79.4595053763441
79.5328172043011
79.5321075268817
79.5272795698925
79.5271612903226
79.4551720430107
79.501688172043
79.5603010752688
79.5453978494624
79.5861290322581
79.5741505376344
79.5467096774194
79.5659569892473
79.5196129032258
79.4733548387097
79.5710430107527
79.6019032258065
79.5317311827957
79.5205483870968
79.4237741935484
79.5408172043011
79.472688172043
79.5158924731183
79.5234838709677
79.4898172043011
79.4764301075269
79.5934946236559
79.6087849462366
79.5208172043011
79.5195376344086
79.4636129032258
79.5013548387097
79.5459032258065
79.563688172043
79.5312150537634
79.532559139785
79.5427849462366
79.6223870967742
79.5233870967742
79.5499569892473
79.4559139784946
79.5633978494624
79.4989677419355
79.4790752688172
79.5713870967742
79.5533655913978
79.5281827956989
79.5913010752688
79.4607956989247
79.5201827956989
79.5356666666667
79.5262150537634
79.5043655913978
79.5644946236559
79.5808602150538
79.5539784946236
79.5955268817204
79.5145268817204
79.5332580645161
79.5568817204301
79.5573225806452
79.5384623655914
79.5583548387097
79.5342903225806
79.5679247311828
79.5360215053763
79.6200967741935
79.5703548387097
79.5097634408602
79.5558602150538
79.5031505376344
79.5628602150538
79.5591182795699
79.469935483871
79.5226774193548
79.571
79.5348279569892
79.4864408602151
79.4872795698925
79.6008172043011
79.5464301075269
79.4731075268817
79.6142795698925
79.449064516129
79.5145268817204
79.5702258064516
79.5176989247312
79.5343010752688
79.5346666666667
79.573623655914
79.4901935483871
79.5281182795699
79.616376344086
79.480064516129
79.469688172043
79.466688172043
79.6446559139785
79.481935483871
79.4790537634409
79.4942365591398
79.4716559139785
79.5075483870968
79.6028817204301
79.582311827957
79.4959139784946
79.5779892473118
79.5350752688172
79.5356451612903
79.4992903225806
79.5285483870968
79.5427096774194
79.5818924731183
79.5289032258064
79.5152688172043
79.6170967741935
79.4965806451613
79.5317849462366
79.5422150537634
79.5903440860215
79.518623655914
79.5435591397849
79.5399032258065
79.5815698924731
79.5445483870968
79.4521827956989
79.5454731182796
79.4987204301075
79.5499032258064
79.6155053763441
79.5349892473118
79.561752688172
79.4267096774194
79.5285376344086
79.4706344086022
79.5003440860215
79.4808387096774
79.6013010752688
79.5820752688172
79.5508279569893
79.4911397849462
79.5434086021505
79.5718494623656
79.5404301075269
79.504935483871
79.5101075268817
79.4615913978495
79.5080322580645
79.5617419354839
79.5780107526882
79.5120215053763
79.4632580645161
79.556
79.5081935483871
79.5276344086022
79.5995806451613
79.5117419354839
79.6011397849462
79.5601612903226
79.6150430107527
79.517623655914
79.4732903225806
79.4677311827957
79.5395591397849
79.5164193548387
79.5273333333333
79.5318817204301
79.5147204301075
79.5823010752688
79.5777096774193
79.6352258064516
79.5043333333333
79.491247311828
79.4958387096774
79.431311827957
79.4771505376344
79.5406774193548
79.4849139784946
79.484752688172
79.5414193548387
79.5691075268817
79.5134193548387
79.5438064516129
79.5293655913978
79.5818709677419
79.5624301075269
79.5123010752688
79.5927741935484
79.5834838709677
79.4466559139785
79.5375806451613
79.5677204301075
79.4871075268817
79.554688172043
79.4805698924731
79.4957311827957
79.5652365591398
79.5530430107527
79.4886989247312
79.532064516129
79.4803333333333
79.486247311828
79.5483010752688
79.607440860215
79.4798602150538
79.5496774193548
79.5675591397849
79.4968494623656
79.5018387096774
79.5162365591398
79.5231397849462
79.5182043010753
79.5448817204301
79.5409892473118
79.4622365591398
79.5538817204301
79.5388817204301
79.5881290322581
79.5155161290323
79.6200537634409
79.5663870967742
79.577559139785
79.4671505376344
79.4464946236559
79.4712903225806
79.4727419354839
79.5360537634409
79.5271182795699
79.5718602150538
79.5297204301075
79.5116129032258
79.4824301075269
79.498064516129
79.4838064516129
79.4783440860215
79.4808709677419
79.5653440860215
79.4565161290323
79.4559462365591
79.496
79.6043225806452
79.4825913978495
79.5878064516129
79.4707956989247
79.5594838709677
79.4456989247312
79.4818709677419
79.4990215053763
79.5327956989247
79.5813870967742
79.5304301075269
79.5184193548387
79.5860537634409
79.5324946236559
79.5463010752688
79.5261720430107
79.6089247311828
79.4816451612903
79.5304086021505
79.4628924731183
79.5212365591398
79.5428494623656
79.5355913978495
79.581
79.5409462365591
79.631376344086
79.4494946236559
79.4871935483871
79.6097204301075
79.536247311828
79.4723655913978
79.5526666666667
79.5170967741935
79.5153978494624
79.5611075268817
79.4718387096774
79.5472150537634
79.5180967741936
79.488752688172
79.449752688172
79.5906451612903
79.5803010752688
79.572247311828
79.470688172043
79.537935483871
79.5320967741935
79.5609784946237
79.5971075268817
79.5977741935484
79.4508279569892
79.4855483870968
79.5387311827957
79.5228279569892
79.530935483871
79.6364623655914
79.5645483870968
79.5670860215054
79.4705806451613
79.534752688172
79.5384946236559
79.5601290322581
79.5375913978495
79.5485806451613
79.5305483870968
79.6096559139785
79.5294516129032
79.4882795698925
79.5755268817204
79.5270967741936
79.4931290322581
79.4846774193548
79.5826129032258
79.5361075268817
79.529752688172
79.5883870967742
79.5045376344086
79.5080107526882
79.4935698924731
79.6045376344086
79.544623655914
79.5825698924731
79.5635806451613
79.4492150537634
79.6004731182796
79.6192795698925
79.5745806451613
79.4960430107527
79.5587849462366
79.506
79.4757849462366
79.4905268817204
79.554752688172
79.439247311828
79.5539784946236
79.593935483871
79.4823333333333
79.5165913978495
79.5478817204301
79.5192903225806
79.5554408602151
79.5887311827957
79.5264301075269
79.5057419354839
79.528623655914
79.5405913978495
79.5164086021505
79.5594516129032
79.5415806451613
79.503064516129
79.4750967741935
79.5202688172043
79.5398494623656
79.5588064516129
79.5963010752688
79.4897741935484
79.5880860215054
79.5192795698925
79.5115161290323
79.5162795698925
79.4781935483871
79.5008924731183
79.4712795698925
79.6029784946237
79.5551720430108
79.5450752688172
79.5233010752688
79.5044408602151
79.4921505376344
79.5498172043011
79.5657634408602
79.6174516129032
79.5074946236559
79.4907419354839
79.5424838709677
79.5620752688172
79.5339462365591
79.6097204301075
79.5249139784946
79.5599032258065
79.5122580645161
79.6375806451613
79.5742365591398
79.4924301075269
79.5535268817204
79.5753978494624
79.5493225806452
79.468623655914
79.5213225806452
79.5408817204301
79.5609569892473
79.5772258064516
79.5833548387097
79.5423333333333
79.5089462365591
79.5437204301075
79.5023655913978
79.5784946236559
79.546623655914
79.5469677419355
79.509688172043
79.536623655914
79.5750967741936
79.5376451612903
79.6082258064516
79.5810537634409
79.5061505376344
79.5405376344086
79.5928602150538
79.5667956989247
79.5447956989247
79.568
79.5645483870968
79.586247311828
79.5431720430108
79.4856344086022
79.5352903225807
79.5051612903226
79.5228709677419
79.540623655914
79.5409462365591
79.5257204301075
79.522311827957
79.6454946236559
79.5836344086022
79.4847634408602
79.6736666666667
79.4574086021505
79.5344623655914
79.5157849462366
79.5547311827957
79.5698064516129
79.5600215053763
79.5341935483871
79.5898172043011
79.5205698924731
79.5305053763441
79.5036451612903
79.501247311828
79.5272580645161
79.5943440860215
79.6009247311828
79.4504301075269
79.5423225806452
79.5823010752688
79.54
79.5063870967742
79.5057634408602
79.4874193548387
79.4555161290323
79.5405161290323
79.4882795698925
79.5477634408602
79.5480967741936
79.5800430107527
79.6094623655914
79.5853010752688
79.5378387096774
79.4582365591398
79.549688172043
79.5930215053763
79.4500967741936
79.5210752688172
79.6073225806452
79.5696451612903
79.5020215053763
79.4652795698925
79.5729784946237
79.5569032258065
79.6073333333333
79.5288064516129
79.5037849462366
79.5783010752688
79.5217419354839
79.5088494623656
79.5613870967742
79.6295591397849
79.4994193548387
79.5320215053763
79.5409032258064
79.5924838709677
79.515623655914
79.561064516129
79.5239032258064
79.53
79.4878709677419
79.4799784946237
79.5754516129032
79.5855161290323
79.465311827957
79.5338387096774
79.4970537634409
79.6021612903226
79.5510967741936
79.5023548387097
79.5479247311828
79.5245053763441
79.5423333333333
79.5540430107527
79.5880430107527
79.5138602150538
79.5708924731183
79.5509462365591
79.5035698924731
79.5170752688172
79.5878064516129
79.5637311827957
79.4745268817204
79.6745806451613
79.5365806451613
79.5479032258065
79.5215806451613
79.6089139784946
79.506064516129
79.5916021505376
79.5183333333333
79.4887634408602
79.6383440860215
79.4998279569893
79.5119139784946
79.4905806451613
79.519247311828
79.6046021505376
79.5367204301075
79.4799462365591
79.4365913978495
79.5188494623656
79.4727096774194
79.5628172043011
79.548935483871
79.5604731182796
79.5163225806452
79.529
79.6027741935484
79.5213225806452
79.4708494623656
79.587247311828
79.6147096774194
79.5915591397849
79.5355913978495
79.4895591397849
79.552247311828
79.5551075268817
79.4750752688172
79.5387849462366
79.5376021505376
79.5181505376344
79.5199462365591
79.5784838709677
79.5211075268817
79.565440860215
79.5338602150538
79.492311827957
79.5283870967742
79.5564946236559
79.5616129032258
79.5777741935484
79.5508602150538
79.5577741935484
79.5159139784946
79.5371612903226
79.5797311827957
79.5296129032258
79.5050752688172
79.5591290322581
79.527376344086
79.5435913978495
79.4911612903226
79.5233333333333
79.4861827956989
79.4596021505376
79.4437956989247
79.5851935483871
79.563623655914
79.5212258064516
79.5114301075269
79.5520967741935
79.5238064516129
79.5264731182796
79.61
79.5110215053763
79.5785591397849
79.554247311828
79.4910430107527
79.4724408602151
79.5653978494624
79.4747096774194
79.5564838709677
79.5820537634409
79.4573225806452
79.5148387096774
79.4854516129032
79.5525591397849
79.5968387096774
79.5546559139785
79.4913010752688
79.5186451612903
79.5127096774194
79.5801397849462
79.5782795698925
79.4934193548387
79.5681720430107
79.5382150537634
79.5854516129032
79.5171720430107
79.4882903225806
79.5339569892473
79.4380322580645
79.5200860215054
79.5049784946237
79.6078924731183
79.5527741935484
79.4966129032258
79.4939139784946
79.4932903225806
79.553752688172
79.5028494623656
79.5637204301075
79.5687634408602
79.5874086021505
79.5531720430107
79.533
79.5304408602151
79.5899247311828
79.5233978494624
79.5723333333333
79.5691182795699
79.5368709677419
79.6156989247312
79.6045483870968
79.601064516129
79.5606129032258
79.5966451612903
79.4967204301075
79.5325268817204
79.5841182795699
79.5707956989247
79.5314838709677
79.5605806451613
79.5437311827957
79.5209462365591
79.5056451612903
79.5014838709677
79.6008709677419
79.5193655913978
79.6351182795699
79.5025053763441
79.5356021505376
79.5085268817204
79.5380752688172
79.5733655913978
79.5658279569893
79.5365376344086
79.490376344086
79.5898494623656
79.5536451612903
79.4893440860215
79.5330537634409
79.6464193548387
79.3969677419355
79.538440860215
79.4875483870968
79.5376021505376
79.627064516129
79.5106129032258
79.5496451612903
79.549376344086
79.5035806451613
79.5138709677419
79.6013225806452
79.5158064516129
79.5625268817204
79.5350537634409
79.5583978494624
79.5321935483871
79.5039784946237
79.5189032258065
79.5611612903226
79.4877956989247
79.6137634408602
79.5471505376344
79.591247311828
79.5417741935484
79.4428924731183
79.5128064516129
79.5627849462366
79.5128602150538
79.4749462365591
79.5329032258065
79.4801505376344
79.5269677419355
79.5693333333333
79.4795376344086
79.4476989247312
79.5133010752688
79.4674516129032
79.5695161290323
79.515247311828
79.5529569892473
79.5468709677419
79.5052258064516
79.5147096774193
79.5495053763441
79.5399139784946
79.4390322580645
79.4939032258064
79.5495591397849
79.5266666666667
79.574935483871
79.5367096774194
79.6198064516129
79.5090322580645
79.4703010752688
79.5041397849462
79.5085053763441
79.5176666666667
79.5428387096774
79.5195268817204
79.576688172043
79.4529247311828
79.5704623655914
79.4051290322581
79.5188709677419
79.5262903225806
79.4958172043011
79.5212580645161
79.4750322580645
79.5712150537634
79.5447956989247
79.5733440860215
79.5586021505376
79.6144623655914
79.5898817204301
79.5232903225806
79.5631505376344
79.4285913978495
79.570311827957
79.5401075268817
79.4826344086022
79.4879247311828
79.5120967741936
79.5358924731183
79.5621290322581
79.5437849462366
79.6235053763441
79.5422795698925
79.5839677419355
79.5006129032258
79.5604838709677
79.5157311827957
79.5513655913979
79.5410322580645
79.5884193548387
79.4721612903226
79.5257311827957
79.5874946236559
79.5663655913979
79.5248602150538
79.5313333333333
79.5648387096774
79.4884838709677
79.543935483871
79.4738387096774
79.5408817204301
79.6282365591398
79.530311827957
79.5138924731183
79.4868817204301
79.6153655913978
79.5347311827957
79.561
79.5745053763441
79.6034408602151
79.4933870967742
79.5623440860215
79.6226344086022
79.525
79.4854086021505
79.5329569892473
79.5396989247312
79.468247311828
79.5288602150538
79.4926129032258
79.567311827957
79.5192795698925
79.5959032258065
79.5330860215054
79.5914946236559
79.5860860215054
79.5506666666667
79.5138064516129
79.5631935483871
79.4844623655914
79.5540430107527
79.576311827957
79.5427204301075
79.6062150537634
79.5414193548387
79.4533548387097
79.5140967741935
79.6251397849462
79.4998924731183
79.5189032258065
79.5832043010753
79.5142580645161
79.4748817204301
79.4598064516129
79.6058494623656
79.476688172043
79.5471612903226
79.604623655914
79.5328924731183
79.5752043010753
79.5122365591398
79.5357311827957
79.5204408602151
79.558247311828
79.5311612903226
79.5476451612903
79.5720752688172
79.5974193548387
79.4574731182796
79.5571290322581
79.5778279569893
79.4368279569892
79.576752688172
79.4915053763441
79.580559139785
79.6411935483871
79.4948602150538
79.5631182795699
79.6024838709677
79.5495698924731
79.4847096774194
79.5047096774194
79.5984086021505
79.5309139784946
79.5491612903226
79.516376344086
79.5324838709677
79.5540967741936
79.5285376344086
79.5554623655914
79.5331720430108
79.462752688172
79.5442688172043
79.5496559139785
79.5378817204301
79.4492258064516
79.5021935483871
79.582688172043
79.5311505376344
79.5861827956989
79.5481935483871
79.5625806451613
79.6065591397849
79.5103870967742
79.5068279569892
79.5500107526882
79.5048924731183
79.495752688172
79.5272365591398
79.4838494623656
79.5252043010753
79.5184516129032
79.4968924731183
79.5554086021505
79.4317204301075
79.5961720430108
79.5280215053763
79.5211182795699
79.5623010752688
79.4917311827957
79.5457956989247
79.5552580645161
79.5259569892473
79.5263440860215
79.4722043010753
79.5436989247312
79.5580215053763
79.5240322580645
79.5242903225806
79.5011397849462
79.6455268817204
79.520688172043
79.5108387096774
79.5758602150538
79.5282580645161
79.4858924731183
79.5937956989247
79.6124946236559
79.5188172043011
79.5929032258065
79.519623655914
79.4710215053763
79.5482150537634
79.6245591397849
79.4918387096774
79.567311827957
79.5870430107527
79.4561505376344
79.4954086021505
79.5698924731183
79.4941827956989
79.5364731182796
79.5761827956989
79.5465913978495
79.5524731182796
79.597311827957
79.5004623655914
79.5427419354839
79.5400967741935
79.5173440860215
79.4954731182796
79.5285161290323
79.5647419354839
79.5330322580645
79.556
79.5222365591398
79.5819247311828
79.5684623655914
79.5041505376344
79.5734193548387
79.4781827956989
79.5109247311828
79.6216559139785
79.5246774193548
79.5868817204301
79.5036989247312
79.5078817204301
79.5312795698925
79.5564086021505
79.5170215053763
79.5099462365591
79.5407204301075
79.5944193548387
79.5768817204301
79.518376344086
79.5525591397849
79.5815268817204
79.5336344086022
79.6375913978495
79.5290860215054
79.5025053763441
79.4687096774194
79.4450967741935
79.4823655913979
79.5059032258064
79.5370967741935
79.4936451612903
79.5048709677419
79.5727741935484
79.4293655913979
79.5573440860215
79.485
79.5545268817204
79.612935483871
79.4755376344086
79.4886666666667
79.596376344086
79.5822903225806
79.575376344086
79.5496344086021
79.5526021505376
79.5175268817204
79.579311827957
79.5184516129032
79.5974731182796
79.4893548387097
79.4975483870968
79.5671290322581
79.4599247311828
79.5598924731183
79.6051290322581
79.5588924731183
79.563688172043
79.5386129032258
79.5560967741935
79.4970430107527
79.5578279569892
79.4804946236559
79.5261720430107
79.5356129032258
79.5722043010753
79.5664301075269
79.5560860215054
79.5719677419355
79.4514838709677
79.4974838709677
79.5102150537634
79.5448494623656
79.5242365591398
79.5654193548387
79.5272043010753
79.580064516129
79.5648064516129
79.5140537634409
79.6183655913978
79.5296774193548
79.5659569892473
79.575247311828
79.5287204301075
79.5204193548387
79.5494408602151
79.5043978494624
79.4621290322581
79.4794623655914
79.4867311827957
79.4857096774194
79.5327096774193
79.6216666666667
79.4954946236559
79.586064516129
79.4357741935484
79.5778172043011
79.4525376344086
79.5756021505376
79.5966666666667
79.5597204301075
79.5429892473118
79.6256451612903
79.6237096774194
79.4620752688172
79.5289677419355
79.5935053763441
79.5253225806452
79.4924086021505
79.5825698924731
79.5398709677419
79.5549032258065
79.541247311828
79.4662903225806
79.5410430107527
79.5812903225806
79.5691182795699
79.4966344086021
79.4457956989247
79.5625483870968
79.5280967741935
79.5516451612903
79.5593655913978
79.4948064516129
79.4941720430107
79.5501935483871
79.5271935483871
79.5280107526882
79.5598817204301
79.505752688172
79.572311827957
79.5187311827957
79.5838172043011
79.5521612903226
79.5089569892473
79.5223225806452
79.5309569892473
79.5882580645161
79.4995376344086
79.5801935483871
79.5849569892473
79.5449677419355
79.5405483870968
79.4943010752688
79.6168279569893
79.5247311827957
79.5439784946237
79.5784408602151
79.4683548387097
79.5290107526882
79.5478602150538
79.4229032258065
79.6059032258064
79.5172688172043
79.5148387096774
79.5522150537634
79.5672258064516
79.4320430107527
79.5223010752688
79.5479032258065
79.5092795698925
79.5133010752688
79.5131505376344
79.5231182795699
79.493376344086
79.5511505376344
79.5289784946237
79.5339569892473
79.4367634408602
79.445688172043
79.5476021505376
79.5060322580645
79.5717956989247
79.4520860215054
79.4894516129032
79.5512903225806
79.5399032258065
79.468247311828
79.5246451612903
79.6135483870968
79.586935483871
79.5684623655914
79.514688172043
79.4789462365591
79.5865698924731
79.5182150537634
79.5198494623656
79.5591935483871
79.5218817204301
79.5057634408602
79.5340967741935
79.4971720430107
79.5366129032258
79.5935913978495
79.5380215053763
79.5850752688172
79.5347849462366
79.5493010752688
79.628935483871
79.4865376344086
79.5486021505376
79.6364623655914
79.4881612903226
79.5652795698925
79.4637311827957
79.5833225806452
79.538376344086
79.5718064516129
79.5785161290323
79.5175483870968
79.5476129032258
79.5313978494624
79.5437096774194
79.5806021505376
79.4828279569892
79.5760322580645
79.6835913978495
79.5228279569892
79.5104086021505
79.4782043010753
79.5868172043011
79.4598387096774
79.5134838709677
79.5485053763441
79.5277634408602
79.4917096774194
79.469376344086
79.5683225806452
79.5039892473118
79.5448924731183
79.567311827957
79.5928924731183
79.5277634408602
79.5649139784946
79.5732150537634
79.5062365591398
79.5093225806452
79.5089569892473
79.5521720430108
79.4823870967742
79.5158279569892
79.5462688172043
79.4921505376344
79.5581720430108
79.5039569892473
79.6193010752688
79.5082150537634
79.5024301075269
79.5920967741935
79.5278924731183
79.5331720430108
79.4890537634409
79.5268387096774
79.5201182795699
79.5541397849462
79.4395053763441
79.5381182795699
79.4522903225807
79.5112688172043
79.4499569892473
79.6295806451613
79.6106344086022
79.5448817204301
79.5312365591398
79.5188064516129
79.5222795698925
79.4700430107527
79.5740430107527
79.568064516129
79.526559139785
79.532559139785
79.4767849462366
79.5140322580645
79.5303225806452
79.5800430107527
79.5217741935484
79.5838064516129
79.5247741935484
79.582935483871
79.509623655914
79.5332365591398
79.5200537634409
79.638623655914
79.5963655913979
79.4986021505376
79.5610752688172
79.5253978494624
79.5403333333333
79.5377634408602
79.5823548387097
79.535623655914
79.5214301075269
79.5600215053763
79.5365591397849
79.5002365591398
79.4745053763441
79.5655698924731
79.5135161290323
79.561311827957
79.4701397849462
79.534247311828
79.5325483870968
79.4858279569892
79.5097311827957
79.5028602150538
79.5510107526882
79.5780967741936
79.5559139784946
79.5958924731183
79.5488602150538
79.5429032258065
79.5806666666667
79.5370967741935
79.5677204301075
79.5626344086022
79.4889139784946
79.6285268817204
79.5899677419355
79.6130752688172
79.5323870967742
79.5416451612903
79.520559139785
79.505311827957
79.5212795698925
79.4797311827957
79.5322795698925
79.5945483870968
79.5323978494624
79.4863440860215
79.5997634408602
79.4384408602151
79.5077096774194
79.556376344086
79.580376344086
79.5535053763441
79.5695591397849
79.5494086021505
79.5313655913978
79.5126451612903
79.5162258064516
79.4772365591398
79.5603333333333
79.5418817204301
79.624
79.5186021505376
79.537311827957
79.4642688172043
79.5720537634409
79.5730967741935
79.4774731182796
79.5130322580645
79.4762580645161
79.5451935483871
79.5814838709677
79.4774623655914
79.5364946236559
79.5382043010753
79.6688064516129
79.5602258064516
79.4724838709677
79.5751290322581
79.5916666666667
79.5327849462366
79.5333440860215
79.470247311828
79.544623655914
79.6131935483871
79.5626666666667
79.5852365591398
79.4908064516129
79.5467419354839
79.5904408602151
79.4751720430108
79.5665913978495
79.4787849462366
79.517247311828
79.5443655913978
79.5394516129032
79.5545591397849
79.4806989247312
79.4847956989247
79.4984193548387
79.5676774193548
79.5147419354839
79.5598279569893
79.5612150537634
79.4401720430107
79.5122903225806
79.5501182795699
79.5284516129032
79.5899139784946
79.5611075268817
79.499247311828
79.5414838709677
79.5855376344086
79.6161397849462
79.5576451612903
79.4915698924731
79.5158279569892
79.4908817204301
79.4364408602151
79.5184838709677
79.4282688172043
79.5851827956989
79.4877311827957
79.4888817204301
79.5746021505376
79.5514193548387
79.5899784946237
79.5875698924731
79.4948494623656
79.4545806451613
79.5225268817204
79.5892795698925
79.5575913978495
79.5454731182796
79.5712580645161
79.4415591397849
79.5270107526882
79.5713655913978
79.5344086021505
79.4882258064516
79.5667849462366
79.5727204301075
79.5790860215054
79.4980537634409
79.6593225806452
79.5187634408602
79.5872580645161
79.5898064516129
79.5235376344086
79.4343225806452
79.5954193548387
79.5305053763441
79.5577849462366
79.5797634408602
79.4754516129032
79.5917419354839
79.6151505376344
79.493623655914
79.5718172043011
79.5293010752688
79.6047311827957
79.4839247311828
79.4945053763441
79.4736344086022
79.5439139784946
79.5642365591398
79.5359032258065
79.589376344086
79.5717419354839
79.5531827956989
79.4851720430107
79.5296344086021
79.5266129032258
79.6088817204301
79.4566021505376
79.5609784946237
79.6172580645161
79.615935483871
79.4895591397849
79.5407956989247
79.5261935483871
79.5047956989247
79.5724838709677
79.4810967741935
79.5253440860215
79.5410322580645
79.6049032258065
79.513752688172
79.6040322580645
79.5680752688172
79.5096129032258
79.546935483871
79.4721612903226
79.4761182795699
79.5882258064516
79.4825806451613
79.5289139784946
79.522752688172
79.4996774193548
79.5322795698925
79.5729462365591
79.4699892473118
79.498376344086
79.5047096774194
79.4606989247312
79.5097096774194
79.5604946236559
79.5615698924731
79.4908709677419
79.5835376344086
79.576247311828
79.5482688172043
79.6145268817204
79.4875698924731
79.5294623655914
79.4631182795699
79.5410107526882
79.6398279569893
79.5564623655914
79.5541720430108
79.5720967741936
79.5471720430107
79.4938279569893
79.5009032258065
79.5767956989247
79.6124946236559
79.5280967741935
79.5597741935484
79.5387956989247
79.5434838709677
79.5859569892473
79.4784193548387
79.554247311828
79.4990967741935
79.5547849462366
79.4966344086021
79.5030967741936
79.5814193548387
79.5109677419355
79.5661182795699
79.5008817204301
79.5669462365591
79.4376021505376
79.6026344086021
79.4713440860215
79.5503870967742
79.4920107526882
79.5739784946237
79.4880215053763
79.5052903225806
79.6458064516129
79.5338602150538
79.5154193548387
79.5195483870968
79.547247311828
79.6122688172043
79.5615053763441
79.5285483870968
79.5813870967742
79.5985161290323
79.5009462365591
79.4545806451613
79.4810322580645
79.5879892473118
79.5434731182796
79.5764193548387
79.4777849462366
79.5067204301075
79.4831935483871
79.5306129032258
79.5021935483871
79.5435268817204
79.5758279569892
79.5592688172043
79.5765268817204
79.5384516129032
79.580688172043
79.5062043010753
79.4812365591398
79.5655483870968
79.5461720430108
79.5511720430108
79.551623655914
79.6001397849462
79.5365483870968
79.5115913978495
79.5674838709677
79.5117741935484
79.4929677419355
79.500311827957
79.5542688172043
79.605
79.5467311827957
79.5790107526882
79.5210107526882
79.5589247311828
79.4934086021505
79.6251397849462
79.5220752688172
79.5153655913979
79.5584086021505
79.5886129032258
79.5157634408602
79.5583870967742
79.5607204301075
79.591623655914
79.5910322580645
79.4366451612903
79.5228064516129
79.5937741935484
79.5067419354839
79.5718279569893
79.565623655914
79.4753333333333
79.569064516129
79.5501075268817
79.5296451612903
79.5069139784946
79.5209892473118
79.5115483870968
79.4506774193548
79.5337204301075
79.5789569892473
79.4793978494624
79.5078602150538
79.5089139784946
79.4664731182796
79.6097096774194
79.540064516129
79.5534301075269
79.5876021505376
79.4995913978495
79.598064516129
79.5540752688172
79.5313870967742
79.5115161290323
79.5686774193548
79.5368064516129
79.615247311828
79.5283440860215
79.5872795698925
79.5610967741935
79.4945161290323
79.5303548387097
79.4836021505376
79.5382043010753
79.5199892473118
79.6031935483871
79.5511505376344
79.6387956989247
79.5342688172043
79.4507311827957
79.5721505376344
79.5535483870968
79.5195053763441
79.4923440860215
79.5581612903226
79.5562795698925
79.5351182795699
79.539064516129
79.5171827956989
79.4747956989247
79.5860537634409
79.5844731182796
79.5248387096774
79.5456989247312
79.5870537634409
79.5102903225806
79.5104408602151
79.4612903225806
79.4897096774194
79.5836129032258
79.5665161290323
79.5018924731183
79.4925483870968
79.6100322580645
79.6690215053763
79.5305161290323
79.529752688172
79.6070107526882
79.4818279569892
79.5164731182796
79.5367204301075
79.5597634408602
79.4940430107527
79.5197634408602
79.5049247311828
79.6185806451613
79.5356559139785
79.5447096774194
79.4684946236559
79.5472043010753
79.4120860215054
79.5176559139785
79.4381827956989
79.5417419354839
79.5662688172043
79.5429569892473
79.5787096774194
79.555623655914
79.5387204301075
79.5842258064516
79.5443333333333
79.560311827957
79.5227956989247
79.5422043010753
79.530247311828
79.5696989247312
79.5348709677419
79.5105591397849
79.5723440860215
79.5100215053763
79.5505161290323
79.5515591397849
79.5266129032258
79.5562365591398
79.5594086021505
79.4839677419355
79.559623655914
79.483247311828
79.6045268817204
79.5895483870968
79.5089569892473
79.5587311827957
79.5638494623656
79.5469569892473
79.5277419354839
79.5239784946237
79.5888817204301
79.5259677419355
79.4906774193548
79.5795268817204
79.5524408602151
79.5301505376344
79.5689247311828
79.5679139784946
79.5428279569892
79.4365913978495
79.5781182795699
79.6213333333333
79.5524731182796
79.5342795698925
79.5314301075269
79.5647634408602
79.629311827957
79.5792903225806
79.431376344086
79.5327096774193
79.5035268817204
79.4688064516129
79.5361182795699
79.4541935483871
79.5280752688172
79.5937741935484
79.5501935483871
79.5564623655914
79.519688172043
79.5131935483871
79.5429892473118
79.5352580645161
79.5871827956989
79.5523010752688
79.5999784946237
79.4659569892473
79.5941290322581
79.5701935483871
79.552935483871
79.5107634408602
79.4572688172043
79.4890967741935
79.560064516129
79.5218602150538
79.5465591397849
79.5083010752688
79.5447096774193
79.5400537634409
79.5860107526882
79.5385698924731
79.5027634408602
79.5756989247312
79.5602043010753
79.564688172043
79.520064516129
79.5312365591398
79.5267849462366
79.5682903225807
79.5010752688172
79.6003225806452
79.468623655914
79.5357419354839
79.564
79.5395698924731
79.5052150537634
79.572
79.6007956989247
79.4838817204301
79.6043548387097
79.6232903225806
79.5215806451613
79.5558817204301
79.5186559139785
79.5693333333333
79.6013010752688
79.5018064516129
79.5524516129032
79.5217419354839
79.546376344086
79.5544623655914
79.5332580645161
79.548935483871
79.5970322580645
79.6040215053763
79.5666451612903
79.5190215053763
79.5814408602151
79.4765913978495
79.4907204301075
79.5219677419355
79.5350322580645
79.5212795698925
79.5386559139785
79.5388279569893
79.4970322580645
79.506
79.5120107526882
79.5915913978495
79.5211290322581
79.5762043010753
79.5617311827957
79.6188924731183
79.5632150537634
79.5048387096774
79.562752688172
79.5284193548387
79.5076344086021
79.5135053763441
79.5857956989247
79.5514946236559
79.6200215053763
79.5365806451613
79.5615806451613
79.5238279569893
79.6142580645161
79.4851182795699
79.5907096774194
79.509064516129
79.4863440860215
79.5052580645161
79.5435913978495
79.586559139785
79.4948064516129
79.5789139784946
79.5880860215054
79.5021075268817
79.5495913978495
79.6203010752688
79.5094408602151
79.5337204301075
79.4985913978495
79.5237419354839
79.5744193548387
79.5464838709677
79.5814301075269
79.514752688172
79.584311827957
79.6312258064516
79.5129892473118
79.5249462365591
79.5149677419355
79.5625268817204
79.5601505376344
79.416559139785
79.4898387096774
79.4868817204301
79.5214086021505
79.6088494623656
79.4865268817204
79.6014623655914
79.4961290322581
79.5258279569892
79.5073548387097
79.518752688172
79.5142150537634
79.5840860215054
79.5594946236559
79.6314086021505
79.5495268817204
79.6055698924731
79.5791720430108
79.5324193548387
79.5000107526882
79.5609569892473
79.5130537634409
79.4971505376344
79.590623655914
79.4933225806452
79.5533225806452
79.5086129032258
79.4868064516129
79.5847204301075
79.5910967741935
79.5306989247312
79.5122365591398
79.5873978494624
79.5880322580645
79.4778924731183
79.4334838709677
79.5688924731183
79.531376344086
79.5076559139785
79.5906774193548
79.4953655913978
79.4142258064516
79.6105913978495
79.5060215053763
79.5287204301075
79.5095483870968
79.4866559139785
79.6134301075269
79.519376344086
79.5897849462366
79.5199784946237
79.4860860215054
79.5781505376344
79.504752688172
79.5635376344086
79.5501505376344
79.5183010752688
79.4929462365591
79.5612903225806
79.6081720430108
79.5489569892473
79.5291612903226
79.4883655913979
79.5371935483871
79.4971397849462
79.4681505376344
79.5739247311828
79.5098494623656
79.5329032258065
79.6291182795699
79.4704516129032
79.5972795698925
79.5707956989247
79.5088817204301
79.5845591397849
79.5150322580645
79.4501075268817
79.6018817204301
79.4690430107527
79.4954623655914
79.4356666666667
79.5716559139785
79.568752688172
79.5107956989247
79.5262365591398
79.6403440860215
79.526064516129
79.5683010752688
79.4836451612903
79.5073978494624
79.4391612903226
79.5148817204301
79.5450752688172
79.4662580645161
79.5568279569893
79.5373440860215
79.5978064516129
79.5155161290323
79.5894301075269
79.5533655913978
79.5690967741936
79.5263548387097
79.5662150537634
79.5341720430108
79.5498817204301
79.5450430107527
79.5432365591398
79.5007311827957
79.488
79.5568924731183
79.5151290322581
79.5529784946237
79.5328064516129
79.4932903225806
79.5032688172043
79.4868064516129
79.5077634408602
79.4644946236559
79.6079139784946
79.5538387096774
79.598688172043
79.5593978494624
79.5941182795699
79.5300967741936
79.5121720430108
79.5970107526882
79.5860430107527
79.4730430107527
79.5367849462366
79.4836989247312
79.5501935483871
79.4983333333333
79.6264623655914
79.6087956989247
79.5058602150538
79.5090967741936
79.5666989247312
79.5987204301075
79.4661290322581
79.527623655914
79.5029569892473
79.5635591397849
79.4982580645161
79.5079032258064
79.4912795698925
79.5907204301075
79.5225698924731
79.5502043010753
79.4448172043011
79.5629892473118
79.5549462365591
79.5444731182796
79.5700860215054
79.6089784946237
79.5582580645161
79.5004408602151
79.4985806451613
79.5448387096774
79.5023655913978
79.4621290322581
79.5100537634409
79.4626989247312
79.4903870967742
79.5993333333333
79.5725806451613
79.5159892473118
79.4841935483871
79.5335698924731
79.5070752688172
79.5388602150538
79.5242043010753
79.5333978494624
79.5264516129032
79.4573225806452
79.5304516129032
79.4819139784946
79.5901935483871
79.4824946236559
79.5296129032258
79.4671182795699
79.61
79.4867634408602
79.5723225806452
79.5234946236559
79.5318924731183
79.598376344086
79.5654946236559
79.4620860215054
79.5011397849462
79.5177849462366
79.5776021505376
79.4590752688172
79.5272903225806
79.4995806451613
79.4454408602151
79.5058817204301
79.5061290322581
79.5683225806452
79.5734838709677
79.5327204301075
79.5180322580645
79.4618279569893
79.5100107526882
79.4818387096774
79.5441290322581
79.5752795698925
79.5858172043011
79.5627311827957
79.4798924731183
79.4594623655914
79.5944408602151
79.5493978494624
79.5035053763441
79.4935161290323
79.4401935483871
79.4699032258064
79.5481397849462
79.5161827956989
79.5285913978495
79.5778602150538
79.5517634408602
79.622311827957
79.5354301075269
79.5306344086022
79.5015806451613
79.5226021505376
79.470440860215
79.5215913978495
79.526935483871
79.5430967741935
79.5222795698925
79.4390752688172
79.5828279569892
79.568064516129
79.4978279569892
79.553440860215
79.527935483871
79.5650322580645
79.4407741935484
79.509935483871
79.5313870967742
79.4650860215054
79.5308279569892
79.5363010752688
79.5120752688172
79.5162580645161
79.659
79.5022043010753
79.4875376344086
79.4911720430107
79.5453978494624
79.6084838709677
79.4551075268817
79.5862795698925
79.5989247311828
79.5230967741935
79.4416989247312
79.5316774193548
79.5677419354839
79.505064516129
79.5296666666667
79.528
79.532623655914
79.5310752688172
79.5069784946237
79.5397419354839
79.512247311828
79.4900215053763
79.5285591397849
79.5266129032258
79.5442043010753
79.4906451612903
79.5534516129032
79.5828602150538
79.4654408602151
79.4802795698925
79.5440537634409
79.4731182795699
79.5785913978495
79.6209247311828
79.5208709677419
79.6644731182796
79.5508602150538
79.5090537634409
79.5334516129032
79.5385806451613
79.4994301075269
79.5020322580645
79.5921827956989
79.5023978494624
79.561688172043
79.5387419354839
79.5793333333333
79.525376344086
79.6159677419355
79.557
79.5145161290323
79.5554731182796
79.5910537634409
79.5559032258064
79.5086559139785
79.491
79.5831935483871
79.5046129032258
79.6165913978495
79.5581397849462
79.4896451612903
79.5355053763441
79.4770537634409
79.4704086021505
79.462935483871
79.5742365591398
79.5433225806452
79.562559139785
79.5330215053763
79.4884516129032
79.5572258064516
79.5722150537634
79.5815698924731
79.5443978494624
79.562376344086
79.5438602150538
79.5255913978495
79.5380322580645
79.4982795698925
79.5100967741935
79.4707096774194
79.588311827957
79.4999462365591
79.539311827957
79.5395483870968
79.5593225806452
79.4919892473118
79.536064516129
79.5131505376344
79.5622580645161
79.5619139784946
79.5589462365591
79.5563978494624
79.5220430107527
79.5079247311828
79.6060967741935
79.5129784946237
79.554247311828
79.5467849462366
79.5487096774194
79.5766451612903
79.4863870967742
79.495
79.5302903225806
79.4372365591398
79.5808279569893
79.5303655913979
79.4808924731183
79.4608172043011
79.5377634408602
79.5463440860215
79.5239784946236
79.5359139784946
79.5185913978495
79.5251827956989
79.5865376344086
79.6209032258065
79.5136129032258
79.5855161290323
79.5665913978495
79.4622365591398
79.554064516129
79.4571182795699
79.5730215053763
79.562376344086
79.5056559139785
79.4988709677419
79.5631612903226
79.5061505376344
79.5675913978495
79.5142580645161
79.5619032258064
79.5724838709677
79.6384516129032
79.4881075268817
79.5557096774194
79.5882043010753
79.5082795698925
79.6080322580645
79.5598924731183
79.6061075268817
79.5816559139785
79.5454946236559
79.5108709677419
79.5563978494624
79.4384086021505
79.558247311828
79.4457419354839
79.579
79.5466989247312
79.4354516129032
79.5394946236559
79.5198602150538
79.4954623655914
79.4926774193548
79.537
79.5029892473118
79.6120322580645
79.5430107526882
79.5441935483871
79.5395161290323
79.5895268817204
79.5298387096774
79.5765161290323
79.5993010752688
79.4872580645161
79.4355268817204
79.5354838709677
79.5440752688172
79.5686344086022
79.5227849462366
79.5911612903226
79.6231075268817
79.583247311828
79.4645161290323
79.4981827956989
79.6015161290323
79.5320752688172
79.5675806451613
79.5817634408602
79.5312043010753
79.5319462365591
79.5275053763441
79.4869139784946
79.5784408602151
79.5823548387097
79.5849032258065
79.502623655914
79.5278279569892
79.4993010752688
79.5106451612903
79.4916451612903
79.5432903225806
79.5014516129032
79.6371290322581
79.5797419354839
79.5309247311828
79.566064516129
79.6767311827957
79.5089784946237
79.5518064516129
79.5416666666667
79.5448924731183
79.5156021505376
79.5186021505376
79.4976559139785
79.4806774193548
79.5382150537634
79.5214301075269
79.4924516129032
79.5023440860215
79.5491720430108
79.4792365591398
79.5537311827957
79.4649139784946
79.5340752688172
79.5239139784946
79.4785698924731
79.5617419354839
79.4718494623656
79.5019247311828
79.4797096774194
79.5585268817204
79.5137419354839
79.5607204301075
79.5464301075269
79.5584838709677
79.4781505376344
79.5175161290323
79.6114731182796
79.4995806451613
79.4849139784946
79.5390430107527
79.5071397849462
79.5171505376344
79.5624086021505
79.4820322580645
79.5232795698925
79.5627956989247
79.4939247311828
79.4967741935484
79.5006129032258
79.544247311828
79.5768387096774
79.5903225806452
79.4910860215054
79.5844408602151
79.6027741935484
79.5251075268817
79.55
79.4652903225806
79.5229032258064
79.4782365591398
79.5354516129032
79.5498172043011
79.5104731182796
79.5517311827957
79.4978494623656
79.517752688172
79.5185053763441
79.5058817204301
79.5761290322581
79.5137204301075
79.5183010752688
79.4543548387097
79.5653010752688
79.4867849462366
79.5638279569892
79.540688172043
79.5459462365591
79.5603440860215
79.5771612903226
79.5312043010753
79.4712043010753
79.5414086021505
79.5505806451613
79.5526559139785
79.4649569892473
79.5236344086021
79.5229892473118
79.5717204301075
79.5798172043011
79.5570967741936
79.5363548387097
79.4878924731183
79.5209569892473
79.5801290322581
79.5594193548387
79.5262150537634
79.5253440860215
79.5124086021505
79.614752688172
79.5246989247312
79.5905806451613
79.5304301075269
79.603935483871
79.5537956989247
79.5664408602151
79.4985806451613
79.4806129032258
79.5099892473118
79.5432795698925
79.5393440860215
79.5312365591398
79.6196989247312
79.3847419354839
79.5016129032258
79.5264301075269
79.5478172043011
79.4658172043011
79.5359032258065
79.5288817204301
79.5153870967742
79.5020752688172
79.5434731182796
79.581064516129
79.4816021505376
79.5578817204301
79.4359569892473
79.6091720430108
79.582935483871
79.5000107526882
79.5275268817204
79.4441612903226
79.4883870967742
79.5562903225807
79.6137096774194
79.5566559139785
79.5589139784946
79.4922043010753
79.5307096774194
79.5403978494624
79.5145698924731
79.5241720430108
79.523247311828
79.6018387096774
79.5522043010753
79.5420430107527
79.5401290322581
79.5357956989247
79.519247311828
79.5098064516129
79.5477311827957
79.5697419354839
79.5352258064516
79.5658602150538
79.5476559139785
79.5861290322581
79.5880752688172
79.5323333333333
79.5216129032258
79.5604838709677
79.5976666666667
79.6345806451613
79.5533010752688
79.4731612903226
79.5618494623656
79.600311827957
79.5678709677419
79.5301720430108
79.4908494623656
79.5994623655914
79.567
79.5288279569892
79.5144946236559
79.5171827956989
79.589623655914
79.4889677419355
79.5147419354839
79.4949569892473
79.5435698924731
79.5489462365591
79.5972580645161
79.5756666666667
79.4491182795699
79.5324516129032
79.5326989247312
79.5965806451613
79.5664086021505
79.538064516129
79.6241290322581
79.4326451612903
79.5734731182796
79.4874301075269
79.4983870967742
79.5760107526882
79.4616021505376
79.5610430107527
79.5884623655914
79.4412795698925
79.5510322580645
79.5858279569892
79.4851505376344
79.5931935483871
79.4825806451613
79.5710967741935
79.5770107526882
79.539935483871
79.5615483870968
79.5183010752688
79.5124946236559
79.5389677419355
79.5841612903226
79.5553333333333
79.5910967741935
79.5459139784946
79.5129892473118
79.5396129032258
79.5866989247312
79.5100322580645
79.5652580645161
79.6409139784946
79.5252365591398
79.5581182795699
79.4933225806452
79.5703440860215
79.5439677419355
79.4531397849462
79.5305913978495
79.5399784946237
79.4696774193548
79.532376344086
79.5208172043011
79.508
79.472376344086
79.4807634408602
79.5785806451613
79.536935483871
79.5456559139785
79.5529462365591
79.6008817204301
79.5149784946237
79.5002365591398
79.6213978494624
79.5866774193548
79.5622903225807
79.5715268817204
79.5726559139785
79.4944838709677
79.491376344086
79.4991935483871
79.5757204301075
79.4747096774194
79.4985268817204
79.5060860215054
79.5144946236559
79.5894946236559
79.5054946236559
79.5226559139785
79.5555483870968
79.5891505376344
79.6446129032258
79.5181182795699
79.4911612903226
79.483688172043
79.6024731182796
79.5139569892473
79.6537956989247
79.4679139784946
79.5053440860215
79.4845161290323
79.559376344086
79.5482258064516
79.4718387096774
79.4756451612903
79.5320430107527
79.5273440860215
79.5857849462366
79.6205376344086
79.5848924731183
79.4700215053763
79.5513225806452
79.5702580645161
79.5925483870968
79.5288387096774
79.5357849462366
79.5114623655914
79.5166021505376
79.5834838709677
79.5458172043011
79.6162795698925
79.4919032258065
79.4264516129032
79.6075161290323
79.4928172043011
79.4826774193548
79.5811935483871
79.5516774193548
79.6377419354839
79.5371075268817
79.4838924731183
79.5212258064516
79.5872580645161
79.5588709677419
79.5379677419355
79.5615591397849
79.545623655914
79.5050752688172
79.5772258064516
79.4520752688172
79.5459032258065
79.5016021505376
79.6037311827957
79.5856129032258
79.5483440860215
79.6012903225806
79.5427419354839
79.4839892473118
79.4898817204301
79.5488709677419
79.5057956989247
79.4523010752688
79.5840537634409
79.5912688172043
79.5918494623656
79.5129784946237
79.530311827957
79.4985591397849
79.476064516129
79.5459892473118
79.5488817204301
79.5802580645161
79.6540107526882
79.5138817204301
79.5541182795699
79.5514623655914
79.5879462365591
79.5020752688172
79.501311827957
79.5541182795699
79.4980967741935
79.5617634408602
79.4634516129032
79.5967634408602
79.6549892473118
79.5722365591398
79.5743440860215
79.5174731182796
79.5845698924731
79.5630107526882
79.4950107526882
79.5645268817204
79.496376344086
79.5119569892473
79.4986021505376
79.4614193548387
79.5897311827957
79.5011935483871
79.5176451612903
79.5045698924731
79.5546666666667
79.5195591397849
79.477935483871
79.5272795698925
79.5793440860215
79.5398279569892
79.5369032258065
79.5419032258065
79.5550967741935
79.4876129032258
79.5307096774194
79.5551397849462
79.5160967741935
79.5825806451613
79.5291397849462
79.5675806451613
79.5075483870968
79.5465591397849
79.5737204301075
79.4931612903226
79.5115053763441
79.528376344086
79.482935483871
79.6077741935484
79.6073548387097
79.494064516129
79.5828172043011
79.4593978494624
79.5457311827957
79.4952795698925
79.6152150537634
79.5463655913978
79.4706451612903
79.4581935483871
79.4484086021505
79.5251827956989
79.6003010752688
79.542752688172
79.5547956989247
79.520752688172
79.4902365591398
79.5262043010753
79.5358387096774
79.5721075268817
79.5194193548387
79.4732043010753
79.4643870967742
79.5952795698925
79.4557741935484
79.4845698924731
79.649
79.5184193548387
79.5203978494624
79.6375053763441
79.4856344086022
79.5101720430108
79.5313010752688
79.4839784946237
79.5228387096774
79.5696774193548
79.5017096774194
79.5149247311828
79.5474301075269
79.4563225806452
79.5847419354839
79.5724301075269
79.4964193548387
79.4944408602151
79.5511612903226
79.5655161290323
79.498752688172
79.5707956989247
79.4593870967742
79.5713333333333
79.5304946236559
79.5693440860215
79.5305806451613
79.5966451612903
79.5296344086021
79.6052150537634
79.5039032258065
79.5366129032258
79.548376344086
79.5054516129032
79.5840322580645
79.5479677419355
79.4762795698925
79.6168924731183
79.5531290322581
79.5552688172043
79.496935483871
79.5220322580645
79.5513440860215
79.5208494623656
79.5226021505376
79.5638172043011
79.6400215053763
79.5972043010753
79.6260322580645
79.5512580645161
79.5497204301075
79.5166021505376
79.5022688172043
79.5726774193548
79.4608064516129
79.5824516129032
79.5022043010753
79.5907849462366
79.5189139784946
79.6029462365591
79.5273655913979
79.5286666666667
79.5963548387097
79.4785698924731
79.5038709677419
79.5144408602151
79.5935161290323
79.5716989247312
79.6428064516129
79.5136989247312
79.5245161290323
79.5212150537634
79.5677204301075
79.4913333333333
79.5275268817204
79.5283870967742
79.5921720430107
79.5231397849462
79.5062150537634
79.5918709677419
79.4422150537634
79.5040860215054
79.5538602150538
79.538935483871
79.5420752688172
79.4934301075269
79.513688172043
79.5373978494624
79.4754946236559
79.4809139784946
79.462623655914
79.5875268817204
79.5149032258064
79.4558279569893
79.5322795698925
79.5221290322581
79.5329247311828
79.5630107526882
79.537
79.462311827957
79.470440860215
79.5899677419355
79.5864193548387
79.4463548387097
79.5601075268817
79.5157419354839
79.6315376344086
79.5409892473118
79.5483333333333
79.572311827957
79.5401075268817
79.5308494623656
79.5751505376344
79.561247311828
79.5832903225807
79.4774408602151
79.4925698924731
79.5495483870968
79.5435913978495
79.5360107526882
79.5044838709677
79.6112258064516
79.5278709677419
79.5630430107527
79.5282795698925
79.543935483871
79.5324086021505
79.4974516129032
79.6025483870968
79.5634623655914
79.5074408602151
79.5861075268817
79.4718387096774
79.5951612903226
79.5083548387097
79.5251290322581
79.4728172043011
79.5141720430108
79.5529247311828
79.514935483871
79.5189892473118
79.4683548387097
79.5865268817204
79.578311827957
79.5480752688172
79.508247311828
79.4688494623656
79.5269139784946
79.586623655914
79.5042365591398
79.6169677419355
79.4289784946236
79.5566989247312
79.5357849462366
79.5285268817204
79.5596989247312
79.5130537634409
79.498623655914
79.5770107526882
79.511440860215
79.5650430107527
79.4861935483871
79.5438602150538
79.5239032258064
79.4674623655914
79.6273225806452
79.5586989247312
79.5185268817204
79.6442365591398
79.5663655913979
79.520376344086
79.6153548387097
79.512623655914
79.5251935483871
79.6296129032258
79.5740107526882
79.540935483871
79.5784838709677
79.5100860215054
79.5370967741935
79.5219462365591
79.5458494623656
79.5143333333333
79.4944838709677
79.5588172043011
79.4758064516129
79.4882580645161
79.5799247311828
79.5347419354839
79.592311827957
79.523623655914
79.5518494623656
79.5643548387097
79.5237419354839
79.5886021505376
79.4689462365591
79.5057849462366
79.5824838709677
79.5357204301075
79.5370215053763
79.4946559139785
79.5420752688172
79.5088494623656
79.5853655913978
79.5551075268817
79.556935483871
79.6123978494624
79.5189462365591
79.4859569892473
79.5560967741935
79.5095268817204
79.5732258064516
79.5225053763441
79.5989569892473
79.4946021505376
79.5560967741935
79.5208494623656
79.5776666666667
79.5111935483871
79.6033655913978
79.4896451612903
79.4505806451613
79.5618279569892
79.5508064516129
79.5452150537634
79.600376344086
79.5589139784946
79.4988494623656
79.5749784946237
79.5227634408602
79.5595913978495
79.5739462365591
79.533
79.5238709677419
79.5225806451613
79.4819569892473
79.5875483870968
79.5445806451613
79.5379784946237
79.574247311828
79.5658172043011
79.5238279569893
79.5133440860215
79.509752688172
79.504688172043
79.5065698924731
79.4828709677419
79.5066451612903
79.5001827956989
79.4742795698925
79.565
79.4656021505376
79.5063333333333
79.5391935483871
79.5011935483871
79.5644516129032
79.4217204301075
79.5283655913978
79.5015698924731
79.5300322580645
79.5252258064516
79.5273870967742
79.574935483871
79.4968494623656
79.5225806451613
79.5316666666667
79.5790215053763
79.5376989247312
79.5196774193548
79.5034838709677
79.6076666666667
79.5263440860215
79.5277311827957
79.4905053763441
79.5928709677419
79.5909784946237
79.5315268817204
79.5027311827957
79.5396344086022
79.5893440860215
79.5558064516129
79.5278817204301
79.4930107526882
79.5213225806452
79.4892258064516
79.5425591397849
79.5084623655914
79.4656559139785
79.4875806451613
79.5564946236559
79.4924838709677
79.4495268817204
79.5678172043011
79.542
79.5645161290323
79.6171720430108
79.5481397849462
79.5288064516129
79.5427096774194
79.5275268817204
79.5378817204301
79.5179462365591
79.5495806451613
79.558311827957
79.5908279569892
79.4839784946237
79.5146989247312
79.5265913978495
79.5376989247312
79.5805806451613
79.4938709677419
79.4645268817204
79.5506666666667
79.5255268817204
79.5346774193548
79.6499247311828
79.5483440860215
79.5446021505376
79.4703440860215
79.4613978494624
79.6031505376344
79.5387849462366
79.5334838709677
79.5138064516129
79.5131720430108
79.5001827956989
79.5899677419355
79.4532688172043
79.5413548387097
79.5836559139785
79.4136666666667
79.5233548387097
79.5514946236559
79.5593978494624
79.6202365591398
79.6581935483871
79.5649462365591
79.5141612903226
79.6252688172043
79.4850537634409
79.535311827957
79.6486989247312
79.5251182795699
79.5087204301075
79.5638387096774
79.4643978494624
79.5463225806452
79.5240537634409
79.5251397849462
79.4630322580645
79.5375913978495
79.6054516129032
79.504311827957
79.5634946236559
79.5454623655914
79.5338494623656
79.5499892473118
79.5639032258065
79.5624623655914
79.4793655913979
79.5659462365591
79.5167849462366
79.5781935483871
79.4858172043011
79.4956451612903
79.4955483870968
79.5887096774194
79.5003655913979
79.5276344086022
79.5286451612903
79.5969784946237
79.5426451612903
79.4400215053764
79.5717204301075
79.5091075268817
79.5216451612903
79.6190322580645
79.5758709677419
79.4757956989247
79.5195913978495
79.5817849462366
79.5212258064516
79.5268817204301
79.5893870967742
79.5247741935484
79.5218924731183
79.5311935483871
79.5682688172043
79.518064516129
79.5005913978495
79.4946344086022
79.5377311827957
79.5367311827957
79.5417311827957
79.5305806451613
79.534311827957
79.5134086021505
79.4979892473118
79.553935483871
79.6225806451613
79.5669032258065
79.4876344086021
79.5748387096774
79.5173440860215
79.6855806451613
79.5190107526882
79.5089032258064
79.4859784946237
79.5813225806452
79.5929139784946
79.4283010752688
79.5148172043011
79.5512365591398
79.6135913978495
79.4923870967742
79.6001827956989
79.5578172043011
79.4754086021505
79.558688172043
79.5224623655914
79.4721612903226
79.5227741935484
79.5308709677419
79.5826666666667
79.5351397849462
79.5652258064516
79.471752688172
79.5582043010753
79.525311827957
79.538311827957
79.5027956989247
79.521247311828
79.4971612903226
79.4712365591398
79.5381827956989
79.5301935483871
79.5719139784946
79.4588709677419
79.5421827956989
79.5387741935484
79.6009677419355
79.5273440860215
79.5966989247312
79.5341290322581
79.5805161290323
79.6156774193548
79.6231827956989
79.5220215053763
79.5409032258064
79.5395376344086
79.5667096774194
79.5490215053763
79.5490322580645
79.5552258064516
79.4973440860215
79.6015376344086
79.5525913978495
79.4497634408602
79.5681075268817
79.5728387096774
79.4893655913978
79.5945483870968
79.5255698924731
79.607376344086
79.4838172043011
79.5456774193548
79.5030537634409
79.401559139785
79.5678817204301
79.5557419354839
79.6495268817204
79.5267096774193
79.4944731182796
79.5779032258065
79.5159032258065
79.5506666666667
79.5449784946236
79.5624086021505
79.4672043010753
79.5042258064516
79.596247311828
79.4853440860215
79.583688172043
79.5755161290323
79.4753440860215
79.4697849462366
79.523247311828
79.5315698924731
79.5975053763441
79.4796666666667
79.6241612903226
79.5148924731183
79.5989677419355
79.4806989247312
79.5210107526882
79.568559139785
79.5020107526882
79.5535806451613
79.4647311827957
79.5260107526882
79.4249892473118
79.4466666666667
79.583
79.5149892473118
79.5986344086022
79.5387741935484
79.5885483870968
79.5440752688172
79.5019677419355
79.5468494623656
79.5805053763441
79.5311397849462
79.5637956989247
79.5314193548387
79.4347956989247
79.5906021505376
79.5513010752688
79.5681612903226
79.5008709677419
79.5730967741935
79.5102688172043
79.5296451612903
79.5246559139785
79.5234301075269
79.4844301075269
79.4906989247312
79.541623655914
79.5057096774194
79.5576559139785
79.5322903225806
79.5326021505376
79.4884838709677
79.4313655913978
79.5242688172043
79.5664516129032
79.5290537634409
79.5301827956989
79.5002150537634
79.6049892473118
79.5048709677419
79.5619677419355
79.5232043010753
79.5038924731183
79.5256451612903
79.6051075268817
79.4711827956989
79.5355053763441
79.5043548387097
79.5544301075269
79.4665053763441
79.529440860215
79.5419247311828
79.5291182795699
79.5075376344086
79.4858064516129
79.5129569892473
79.5359247311828
79.5336451612903
79.4528817204301
79.6179677419355
79.5081505376344
79.5053440860215
79.5138924731183
79.5541612903226
79.5830537634409
79.5484516129032
79.5006989247312
79.5709247311828
79.5022043010753
79.5594946236559
79.5626129032258
79.6024301075269
79.5690752688172
79.5896129032258
79.5350537634409
79.5120752688172
79.4986021505376
79.4732688172043
79.4874623655914
79.550623655914
79.6079784946237
79.5195806451613
79.4937634408602
79.467376344086
79.5366129032258
79.5164516129032
79.5809892473118
79.5176989247312
79.5325161290323
79.5662150537634
79.4016344086021
79.4989032258064
79.5457204301075
79.5539139784946
79.5081612903226
79.5765806451613
79.5424301075269
79.5541612903226
79.5611075268817
79.5837419354839
79.5543225806452
79.5677311827957
79.5978709677419
79.5998494623656
79.5539032258065
79.5795806451613
79.5558494623656
79.5358924731183
79.5638387096774
79.5227204301075
79.5337311827957
79.5176774193548
79.5546344086022
79.6038602150538
79.5179462365591
79.6045806451613
79.5294731182796
79.5016451612903
79.5471612903226
79.5940322580645
79.5418279569893
79.4901505376344
79.5842795698925
79.5128387096774
79.5189784946237
79.5697204301075
79.5035806451613
79.5488279569892
79.5268709677419
79.5134408602151
79.5651505376344
79.6281075268817
79.5746989247312
79.5744516129032
79.5508387096774
79.4959892473118
79.547440860215
79.4938172043011
79.591311827957
79.5723225806452
79.5074838709677
79.5525698924731
79.5142903225806
79.6367634408602
79.5894731182796
79.5104838709677
79.5424946236559
79.5182688172043
79.5176451612903
79.5400860215054
79.5171182795699
79.5524516129032
79.5505913978495
79.5768279569892
79.5804946236559
79.4653655913979
79.5511290322581
79.5485591397849
79.5072688172043
79.572935483871
79.4808387096774
79.5861290322581
79.5273225806452
79.5176989247312
79.6126666666667
79.4538064516129
79.560311827957
79.5617419354839
79.6209462365591
79.5683440860215
79.5373225806452
79.5663010752688
79.5524731182796
79.5299462365591
79.6037956989247
79.5060107526882
79.5461612903226
79.6180752688172
79.5339247311828
79.5731397849462
79.5871075268817
79.5356344086021
79.5654086021505
79.550623655914
79.5068064516129
79.5378602150538
79.5851397849462
79.6272688172043
79.5287204301075
79.4469784946237
79.5249784946237
79.468376344086
79.5457311827957
79.4780107526882
79.5353333333333
79.5178709677419
79.5511397849462
79.5339139784946
79.5094193548387
79.590376344086
79.489
79.4958817204301
79.5707096774194
79.4920322580645
79.565
79.5379569892473
79.586559139785
79.5374408602151
79.5206666666667
79.5454623655914
79.5095483870968
79.5324838709677
79.4895483870968
79.483752688172
79.6561935483871
79.5354086021505
79.6306129032258
79.5143655913978
79.4673978494624
79.446935483871
79.501623655914
79.5147096774194
79.6729784946236
79.4701182795699
79.4886774193548
79.5380537634409
79.5224838709677
79.4690752688172
79.5712795698925
79.5049247311828
79.6257634408602
79.5362688172043
79.4962903225806
79.557376344086
79.4980860215054
79.5702365591398
79.5151827956989
79.4921612903226
79.544623655914
79.5063225806452
79.5692365591398
79.5179569892473
79.5935268817204
79.4597419354839
79.5011397849462
79.5697741935484
79.6261505376344
79.5252903225806
79.582
79.5840107526882
79.5709569892473
79.4756989247312
79.5648064516129
79.5651935483871
79.5966129032258
79.5563440860215
79.5755268817204
79.5143978494624
79.5775806451613
79.5539139784946
79.5229462365591
79.5148064516129
79.4845483870968
79.5515591397849
79.5044623655914
79.4490430107527
79.5657741935484
79.570247311828
79.4996666666667
79.5393870967742
79.5333978494624
79.4979139784946
79.4972580645161
79.4160752688172
79.5285591397849
79.6242150537634
79.5765913978495
79.5184946236559
79.5506559139785
79.4663333333333
79.5302043010753
79.5158387096774
79.4706451612903
79.5716344086022
79.5357204301075
79.5136451612903
79.4958817204301
79.4820322580645
79.5244086021505
79.5751612903226
79.6041505376344
79.5204623655914
79.5292688172043
79.6202365591398
79.5019892473118
79.4296989247312
79.5541612903226
79.4734301075269
79.504311827957
79.4251827956989
79.5005483870968
79.5286344086021
79.6111505376344
79.4896451612903
79.5364946236559
79.5744731182796
79.4731827956989
79.560688172043
79.5095913978495
79.4821720430107
79.5237204301075
79.5208172043011
79.6146344086022
79.6027096774194
79.5897096774193
79.4813440860215
79.5243010752688
79.4710215053763
79.5379569892473
79.5513440860215
79.5232150537634
79.4914838709677
79.5693978494624
79.5934516129032
79.4431290322581
79.5577311827957
79.4821397849462
79.5728279569892
79.5670537634409
79.5392043010753
79.5883978494624
79.5243010752688
79.5446451612903
79.5057204301075
79.6072150537634
79.4980107526882
79.5298494623656
79.5228817204301
79.5514623655914
79.5282258064516
79.4940215053763
79.5454838709677
79.4484193548387
79.5661612903226
79.5154301075269
79.5744301075269
79.5530967741935
79.5175268817204
79.5567096774193
79.5640215053763
79.512376344086
79.5076989247312
79.5881935483871
79.5169032258064
79.560064516129
79.4997096774194
79.5766451612903
79.5009569892473
79.5603978494624
79.6271720430108
79.5508924731183
79.4635913978495
79.4812580645161
79.4598494623656
79.5177096774194
79.5690430107527
79.5505053763441
79.5531827956989
79.5328817204301
79.5288387096774
79.5763978494624
79.5572688172043
79.4644946236559
79.5348172043011
79.6089032258065
79.5441827956989
79.5557311827957
79.4631505376344
79.638623655914
79.6034731182796
79.5634193548387
79.533247311828
79.6036344086021
79.5168064516129
79.5115806451613
79.5096021505376
79.5610860215054
79.593064516129
79.5763548387097
79.5175376344086
79.5018387096774
79.5818064516129
79.5649892473118
79.4914086021505
79.4952903225806
79.5342903225806
79.5625376344086
79.4605053763441
79.5522043010753
79.4584838709677
79.528935483871
79.5457849462366
79.509247311828
79.5493333333333
79.5835913978495
79.6285161290323
79.5340752688172
79.4778602150538
79.4865591397849
79.5135806451613
79.5360752688172
79.5470967741935
79.6316451612903
79.540623655914
79.5995483870968
79.550440860215
79.6
79.6076021505376
79.5472795698925
79.4812365591398
79.4917741935484
79.4895698924731
79.4603333333333
79.5014516129032
79.5253655913978
79.5907419354839
79.5512150537634
79.5468817204301
79.5022795698925
79.4443225806452
79.5326666666667
79.5465591397849
79.5105053763441
79.4893655913978
79.5848387096774
79.5609677419355
79.5082688172043
79.5461935483871
79.578
79.6091612903226
79.508623655914
79.5293440860215
79.5578387096774
79.5151720430108
79.455247311828
79.5200430107527
79.5362043010753
79.5024731182796
79.5263010752688
79.542935483871
79.5131935483871
79.6304193548387
79.4816774193548
79.626376344086
79.4687849462366
79.5506989247312
79.5851182795699
79.5504623655914
79.5345913978495
79.5946774193548
79.5016344086021
79.484064516129
79.5319784946237
79.5738064516129
79.5115483870968
79.5217634408602
79.5101397849462
79.5293870967742
79.5532688172043
79.5605483870968
79.5779032258065
79.533247311828
79.5534193548387
79.519376344086
79.5355806451613
79.5660860215054
79.549623655914
79.5219139784946
79.5706559139785
79.5202688172043
79.5541505376344
79.4744623655914
79.4875483870968
79.540376344086
79.5510430107527
79.512311827957
79.4305591397849
79.5744838709677
79.5433655913978
79.5521075268817
79.4685913978495
79.5796451612903
79.616935483871
79.5990215053763
79.5081075268817
79.5136559139785
79.5753440860215
79.5614946236559
79.5964408602151
79.4542795698925
79.5587956989247
79.5686559139785
79.4982258064516
79.5083010752688
79.4938494623656
79.5413548387097
79.5588494623656
79.5703870967742
79.5524086021505
79.5305161290323
79.5123225806452
79.5290860215054
79.5590967741935
79.5140537634409
79.4951075268817
79.6305483870968
79.5750537634409
79.5369462365591
79.630935483871
79.5464086021505
79.5670860215054
79.4343440860215
79.5595376344086
79.5728602150538
79.519935483871
79.5751612903226
79.5283225806452
79.5130537634409
79.5556129032258
79.5260967741935
79.4419032258065
79.4871075268817
79.4712258064516
79.5765698924731
79.6134946236559
79.5655053763441
79.4688279569892
79.5877634408602
79.5526774193548
79.5136666666667
79.540935483871
79.5629247311828
79.5246451612903
79.5195161290323
79.5070322580645
79.4998494623656
79.5092258064516
79.4783655913978
79.6224408602151
79.5040322580645
79.5641290322581
79.5509032258065
79.5127634408602
79.5580860215054
79.5586559139785
79.5451075268817
79.5432365591398
79.4780752688172
79.6054623655914
79.5353440860215
79.5198064516129
79.575311827957
79.489376344086
79.6168279569892
79.5476666666667
79.4916129032258
79.5078924731183
79.5232043010753
79.459
79.5571182795699
79.5338924731183
79.4865591397849
79.5453870967742
79.612752688172
79.4655053763441
79.5593010752688
79.5072795698925
79.4999139784946
79.5378387096774
79.5767419354839
79.478623655914
79.5059139784946
79.5087204301075
79.4958172043011
79.5561612903226
79.5693655913979
79.4952580645161
79.5953225806452
79.6299677419355
79.4823440860215
79.5206344086021
79.5185268817204
79.5557956989247
79.548
79.5200322580645
79.4929892473118
79.5395161290323
79.5261612903226
79.6036344086021
79.5502580645161
79.5414731182796
79.5130215053763
79.5437741935484
79.5516129032258
79.4362903225806
79.5204516129032
79.4903225806452
79.499311827957
79.5592795698925
79.5864086021505
79.622311827957
79.5718387096774
79.5823655913978
79.5773225806452
79.5110967741935
79.5985053763441
79.4908817204301
79.5662258064516
79.5889462365591
79.5128817204301
79.5707096774194
79.5443010752688
79.5790107526882
79.5094516129032
79.5925268817204
79.590247311828
79.5224838709677
79.5681290322581
79.4885913978495
79.4928064516129
79.5106129032258
79.5704301075269
79.5422580645161
79.5280430107527
79.5038172043011
79.541247311828
79.5744946236559
79.5408172043011
79.557
79.5040860215054
79.5474946236559
79.5018924731183
79.5152258064516
79.4758279569892
79.5875806451613
79.5150537634409
79.5225161290323
79.5737956989247
79.443623655914
79.4457741935484
79.510688172043
79.5585053763441
79.5643010752688
79.5452365591398
79.5226666666667
79.4898387096774
79.5904408602151
79.5465913978495
79.5438924731183
79.5005591397849
79.5467311827957
79.5839569892473
79.5181290322581
79.5527204301075
79.512
79.5637311827957
79.5746129032258
79.4931075268817
79.5260322580645
79.6114516129032
79.536623655914
79.4540860215054
79.5374623655914
79.5362043010753
79.5420752688172
79.5150322580645
79.5764086021505
79.5441612903226
79.5457741935484
79.5365376344086
79.4420107526882
79.5154731182796
79.5861075268817
79.4859462365591
79.5760322580645
79.5423655913979
79.5108064516129
79.5103333333333
79.4639677419355
79.569935483871
79.4698924731183
79.5068064516129
79.565623655914
79.5018924731183
79.5948817204301
79.5271935483871
79.5249032258065
79.4721075268817
79.5265053763441
79.4999247311828
79.6131075268817
79.5552365591398
79.4705483870968
79.5587741935484
79.5116774193548
79.5268602150538
79.5344731182796
79.538935483871
79.516752688172
79.3954516129032
79.5943225806452
79.5622795698925
79.4973978494624
79.5540322580645
79.5596774193548
79.5057634408602
79.4816989247312
79.4221505376344
79.5287634408602
79.4971935483871
79.5467204301075
79.5515268817204
79.6570322580645
79.4764946236559
79.5343548387097
79.5935161290323
79.5905268817204
79.5648924731183
79.5024086021505
79.5655806451613
79.5403978494624
79.4941720430107
79.5054838709677
79.5684623655914
79.4976559139785
79.5554408602151
79.5162795698925
79.5299892473118
79.5695698924731
79.5136666666667
79.5675591397849
79.5697741935484
79.4440430107527
79.4595698924731
79.5485268817204
79.5707204301075
79.510623655914
79.509311827957
79.5191612903226
79.5501182795699
79.5692150537634
79.5697741935484
79.4717204301075
79.5999892473118
79.4974516129032
79.555376344086
79.4359139784946
79.4531075268817
79.5374623655914
79.4313548387097
79.5015161290323
79.5758709677419
79.5753440860215
79.521688172043
79.5010322580645
79.536064516129
79.5587204301075
79.5580537634409
79.4455376344086
79.5677204301075
79.6037634408602
79.5306344086022
79.5493870967742
79.5132688172043
79.5754086021505
79.6016559139785
79.5018602150538
79.5230215053763
79.562559139785
79.493935483871
79.58
79.4792580645161
79.5213655913979
79.5536451612903
79.5305268817204
79.5070967741935
79.5182580645161
79.4868924731183
79.5218172043011
79.5054731182796
79.5806559139785
79.424
79.4917634408602
79.4993655913978
79.5092043010753
79.5350537634409
79.5062580645161
79.5492258064516
79.4491935483871
79.5251290322581
79.5234086021505
79.5198709677419
79.5170322580645
79.5921827956989
79.5451290322581
79.5624301075269
79.5709677419355
79.5124193548387
79.5769569892473
79.5146451612903
79.5923870967742
79.499935483871
79.5491397849462
79.4726021505376
79.5178602150538
79.5561935483871
79.5286989247312
79.576247311828
79.564311827957
79.4976559139785
79.5119677419355
79.5763440860215
79.5736021505376
79.5169569892473
79.4976451612903
79.5648602150538
79.5582795698925
79.5398279569892
79.5413978494624
79.5464408602151
79.5281720430108
79.5568709677419
79.5339462365591
79.5828279569892
79.4917419354839
79.569
79.5182903225806
79.5578817204301
79.5405591397849
79.539376344086
79.5671290322581
79.5599569892473
79.5942043010753
79.5581075268817
79.4949677419355
79.560247311828
79.502064516129
79.5691505376344
79.5915483870968
79.4667634408602
79.466688172043
79.5599892473118
79.4915376344086
79.5060752688172
79.5479247311828
79.5819677419355
79.4574408602151
79.5050430107527
79.5987311827957
79.493
79.5464301075269
79.5696559139785
79.4801397849462
79.5467204301075
79.5767311827957
79.5586344086021
79.539752688172
79.5494516129032
79.5363870967742
79.5399677419355
79.513752688172
79.5253655913978
79.5516344086022
79.5661935483871
79.5298172043011
79.4902903225806
79.6013010752688
79.5956774193548
79.5145161290323
79.5145698924731
79.5698924731183
79.5400430107527
79.5688924731183
79.4902365591398
79.4883440860215
79.5245483870968
79.5334731182796
79.4642150537634
79.5245161290323
79.5662043010753
79.544623655914
79.6358064516129
79.5431720430108
79.5747741935484
79.4854731182796
79.5433010752688
79.5916344086021
79.5484946236559
79.5157849462366
79.5662580645161
79.5967849462366
79.5435483870968
79.5464731182796
79.5664623655914
79.4792365591398
79.5751182795699
79.5573010752688
79.5624946236559
79.5463010752688
79.6139032258065
79.4934946236559
79.5395698924731
79.5486774193548
79.5402688172043
79.4627311827957
79.4563333333333
79.5007849462366
79.4908064516129
79.5827956989247
79.5088172043011
79.6457849462366
79.543935483871
79.5298709677419
79.5886021505376
79.5800537634409
79.6170860215054
79.5960967741936
79.5443655913978
79.5954193548387
79.5120967741936
79.5401505376344
79.5292365591398
79.5744301075269
79.5237204301075
79.5511827956989
79.5413870967742
79.5611612903226
79.6031075268817
79.5259247311828
79.5735483870968
79.524311827957
79.5581720430108
79.531247311828
79.5555698924731
79.5264623655914
79.4727419354839
79.5873655913979
79.5537096774193
79.5001075268817
79.5522258064516
79.4988279569892
79.4752365591398
79.4473225806452
79.5927634408602
79.5079784946237
79.4862150537634
79.5650215053764
79.5898494623656
79.5472903225807
79.5122795698925
79.561752688172
79.4793333333333
79.5130322580645
79.465247311828
79.4213440860215
79.4996666666667
79.5064946236559
79.5263333333333
79.545688172043
79.5587634408602
79.550376344086
79.6067634408602
79.5083333333333
79.5480752688172
79.5522365591398
79.5291505376344
79.5857204301075
79.5937849462366
79.5137849462366
79.4425483870968
79.5211935483871
79.5644946236559
79.5520967741935
79.4883870967742
79.5969892473118
79.589440860215
79.5576129032258
79.5499569892473
79.5417741935484
79.5799677419355
79.6130215053763
79.5892580645161
79.5558279569892
79.6058387096774
79.5340430107527
79.4914301075269
79.5004193548387
79.5251182795699
79.5322365591398
79.5025268817204
79.549311827957
79.5145376344086
79.4811827956989
79.523
79.4979784946237
79.5106666666667
79.5131612903226
79.6129569892473
79.4876666666667
79.5666774193548
79.5332688172043
79.5310215053763
79.561247311828
79.5428817204301
79.5017419354839
79.5529784946237
79.6323010752688
79.5736344086021
79.5100967741935
79.5224946236559
79.5112688172043
79.5448924731183
79.5719569892473
79.5854623655914
79.5324731182796
79.5157419354839
79.5753978494624
79.5448709677419
79.5552580645161
79.5552150537634
79.4844408602151
79.586
79.6591182795699
79.4990107526882
79.5783440860215
79.5168064516129
79.5436451612903
79.4768709677419
79.5345161290323
79.4621935483871
79.5262258064516
79.6218602150538
79.6469139784946
79.5025591397849
79.5588709677419
79.5761182795699
79.5367419354839
79.4413440860215
79.574376344086
79.418311827957
79.4511182795699
79.5560537634409
79.5569677419355
79.492376344086
79.5669247311828
79.4886129032258
79.5299784946237
79.5160860215054
79.5675268817204
79.4723655913978
79.5159247311828
79.5351827956989
79.6122903225806
79.4918172043011
79.532623655914
79.5726451612903
79.5585806451613
79.5501075268817
79.586376344086
79.4975591397849
79.5672043010753
79.5609139784946
79.4919139784946
79.4519569892473
79.5821075268817
79.553376344086
79.5276129032258
79.5651935483871
79.5981505376344
79.5271720430108
79.5291827956989
79.562
79.5243010752688
79.4732688172043
79.5250215053763
79.5495483870968
79.6547096774193
79.5060322580645
79.5234086021505
79.5263978494624
79.4912580645161
79.4848602150538
79.6042903225806
79.520688172043
79.5865161290323
79.461935483871
79.5537204301075
79.5664408602151
79.5351720430107
79.598440860215
79.5392043010753
79.4147849462366
79.5006989247312
79.5690107526882
79.4754516129032
79.5753548387097
79.5803548387097
79.5160107526882
79.555623655914
79.5212795698925
79.4617204301075
79.5632365591398
79.5001612903226
79.5597956989247
79.5057956989247
79.5644408602151
79.5235698924731
79.5988064516129
79.482935483871
79.6157311827957
79.5362365591398
79.6229892473118
79.5606989247312
79.6002795698925
79.5441935483871
79.5444838709677
79.5382043010753
79.5451075268817
79.5029569892473
79.5163870967742
79.4775268817204
79.5681935483871
79.5314731182796
79.5719677419355
79.5002903225806
79.4778709677419
79.4752365591398
79.5680752688172
79.5376774193548
79.641
79.5622903225807
79.5015376344086
79.5487419354839
79.5237419354839
79.5554193548387
79.4843870967742
79.5372365591398
79.5503870967742
79.4644623655914
79.589
79.5673655913978
79.4827956989247
79.4783978494624
79.5459032258065
79.5133225806452
79.4708709677419
79.585935483871
79.6001182795699
79.5674193548387
79.5279677419355
79.4461720430107
79.4897956989247
79.5404408602151
79.6042688172043
79.5106451612903
79.5211827956989
79.5551182795699
79.5548709677419
79.5723225806452
79.5456129032258
79.5049247311828
79.537376344086
79.6253870967742
79.5615806451613
79.5569139784946
79.5071182795699
79.4258817204301
79.5443870967742
79.4571505376344
79.5659784946236
79.5673225806452
79.514064516129
79.5084623655914
79.507064516129
79.6477741935484
79.5432903225806
79.5366989247312
79.5512258064516
79.5234731182796
79.4440215053763
79.4489784946237
79.6293333333333
79.5407741935484
79.5118602150538
79.5157311827957
79.6195698924731
79.5945161290323
79.4628602150538
79.5763225806452
79.5257419354839
79.5245376344086
79.5112903225806
79.5220752688172
79.5105161290323
79.5585053763441
79.5307311827957
79.6101182795699
79.5378064516129
79.561
79.5447419354839
79.5762688172043
79.5269677419355
79.521247311828
79.5148602150538
79.5256559139785
79.5159569892473
79.5107741935484
79.5157204301075
79.5446989247312
79.5286344086021
79.4911827956989
79.4344946236559
79.5187419354839
79.5340322580645
79.5357204301075
79.5160215053763
79.5166989247312
79.5250322580645
79.5961397849462
79.5765268817204
79.4501182795699
79.6178172043011
79.5255698924731
79.4421397849462
79.6788817204301
79.5261182795699
79.5422903225806
79.5434731182796
79.5242903225806
79.5436666666667
79.5215913978495
79.6036774193548
79.4587096774193
79.5698602150538
79.5355161290323
79.5981612903226
79.5679569892473
79.5916129032258
79.5548279569892
79.569247311828
79.5631290322581
79.5228064516129
79.5816129032258
79.5365053763441
79.5341075268817
79.592064516129
79.5567311827957
79.5678172043011
79.4146666666667
79.5983333333333
79.5347741935484
79.491752688172
79.5680215053764
79.5784301075269
79.5078709677419
79.5349032258064
79.5092150537634
79.5415161290323
79.4588172043011
79.5302365591398
79.5675591397849
79.5297419354839
79.4879569892473
79.5800752688172
79.513752688172
79.5681505376344
79.6100215053763
79.5229569892473
79.5094408602151
79.5128172043011
79.5507096774193
79.6061505376344
79.5514193548387
79.582376344086
79.4908387096774
79.4793010752688
79.5014838709677
79.5163225806452
79.559559139785
79.5368924731183
79.520752688172
79.5232150537634
79.5255053763441
79.5649462365591
79.5721182795699
79.5733870967742
79.5106989247312
79.5444086021505
79.4958494623656
79.4887311827957
79.5366666666667
79.547688172043
79.4900322580645
79.5178064516129
79.5964623655914
79.545935483871
79.5624623655914
79.5215268817204
79.5278709677419
79.4895483870968
79.5430430107527
79.5335268817204
79.5442043010753
79.5413010752688
79.5589247311828
79.5712043010753
79.5994086021505
79.4576774193548
79.577623655914
79.4860430107527
79.4919784946237
79.5546774193548
79.5236989247312
79.4829139784946
79.5315806451613
79.5515591397849
79.4915376344086
79.498064516129
79.4820752688172
79.5307741935484
79.5500860215054
79.5685806451613
79.4513870967742
79.5207849462366
79.536247311828
79.5663655913979
79.5115913978495
79.5131505376344
79.5502150537634
79.5947956989247
79.5345268817204
79.572623655914
79.5339247311828
79.4462795698925
79.561247311828
79.5970322580645
79.5336344086022
79.546064516129
79.4728709677419
79.5782258064516
79.5380430107527
79.4784193548387
79.5739247311828
79.5548387096774
79.5982688172043
79.5671397849462
79.6771397849462
79.4768172043011
79.4985913978495
79.4930860215054
79.6388602150538
79.5382365591398
79.523935483871
79.4933225806452
79.531247311828
79.4421397849462
79.4092043010753
79.5186451612903
79.5678172043011
79.5125161290323
79.4391612903226
79.4726774193548
79.5496774193548
79.52
79.5844516129032
79.5761397849462
79.4676344086022
79.5032903225806
79.6269032258065
79.5924193548387
79.5587204301075
79.4542258064516
79.5796666666667
79.5189139784946
79.5464623655914
79.4990967741935
79.4838709677419
79.5534086021505
79.5813010752688
79.572
79.536
79.5089462365591
79.4581720430107
79.52
79.5497311827957
79.5008924731183
79.5342258064516
79.545752688172
79.4512150537634
79.4774301075269
79.571752688172
79.5131075268817
79.545376344086
79.5126774193548
79.5698064516129
79.5637419354839
79.4752795698925
79.538064516129
79.5355053763441
79.4478817204301
79.4934193548387
79.5121720430108
79.6160967741936
79.5267956989247
79.5361720430108
79.5331397849462
79.6053870967742
79.6795591397849
79.5191075268817
79.5297634408602
79.5109677419355
79.4988924731183
79.5240967741936
79.5394623655914
79.5207204301075
79.5720430107527
79.5488172043011
79.5920107526882
79.4897096774194
79.4727634408602
79.5442150537634
79.5370430107527
79.6198064516129
79.5401827956989
79.5258279569892
79.5394086021505
79.5100215053763
79.4904731182796
79.5396989247312
79.4696559139785
79.5189462365591
79.599247311828
79.5349677419355
79.5804086021505
79.6507204301075
79.5406989247312
79.4645913978495
79.5505376344086
79.5997096774194
79.5598709677419
79.5263655913978
79.5316129032258
79.5252365591398
79.5699032258065
79.5610107526882
79.5853548387097
79.5426774193548
79.4858387096774
79.583623655914
79.5087849462366
79.5496344086021
79.5924516129032
79.5175698924731
79.4952903225806
79.4636344086021
79.5728064516129
79.5716989247312
79.5164408602151
79.5317849462366
79.5523870967742
79.6066774193548
79.5426129032258
79.5540752688172
79.5930430107527
79.5033010752688
79.5217849462366
79.572247311828
79.5846451612903
79.5560430107527
79.5008817204301
79.4902150537634
79.5107634408602
79.529688172043
79.5666666666667
79.5588064516129
79.4528924731183
79.5426021505376
79.5616129032258
79.5033870967742
79.5623978494624
79.4150860215054
79.5359677419355
79.5984086021505
79.5655483870968
79.5161720430108
79.6054516129032
79.5208064516129
79.5003010752688
79.5305698924731
79.4630107526882
79.4956989247312
79.521376344086
79.5744193548387
79.5063978494624
79.5642365591398
79.567752688172
79.4955483870968
79.514623655914
79.5233225806452
79.6071075268817
79.6134086021505
79.5136666666667
79.5408817204301
79.5849247311828
79.4097419354839
79.5224301075269
79.5149569892473
79.5984731182796
79.510311827957
79.5646021505376
79.5342258064516
79.4828924731183
79.6420430107527
79.5485483870968
79.5268602150538
79.6170537634409
79.5162150537634
79.5670215053763
79.5754731182796
79.4251397849462
79.494
79.5041182795699
79.5335161290323
79.4531720430108
79.5101612903226
79.5657096774193
79.4962365591398
79.5691505376344
79.4996559139785
79.528376344086
79.4144623655914
79.5671612903226
79.565064516129
79.5452795698925
79.4731612903226
79.5324623655914
79.5115698924731
79.5940537634409
79.5090322580645
79.5433333333333
79.5454838709677
79.5958387096774
79.5193225806452
79.5973870967742
79.5874086021505
79.5070860215054
79.5782795698925
79.5265806451613
79.6045483870968
79.6569569892473
79.499311827957
79.5224838709677
79.4231397849462
79.5194408602151
79.6478387096774
79.5301612903226
79.4767741935484
79.5327096774193
79.617623655914
79.5364946236559
79.5709139784946
79.5451182795699
79.4584193548387
79.4943440860215
79.5717204301075
79.5970430107527
79.5809032258065
79.5679892473118
79.5668817204301
79.517247311828
79.5922688172043
79.4871290322581
79.5519247311828
79.6068494623656
79.5602150537634
79.5538817204301
79.5692580645161
79.5930537634409
79.506935483871
79.5613225806452
79.5276666666667
79.5359569892473
79.4719462365591
79.5691397849462
79.4653978494624
79.4349784946236
79.5427634408602
79.4879462365591
79.6124623655914
79.5740107526882
79.5489462365591
79.5634193548387
79.504064516129
79.4718817204301
79.4863010752688
79.4870752688172
79.5400215053763
79.5334408602151
79.4594086021505
79.4927311827957
79.5126559139785
79.5475376344086
79.5176774193548
79.5203333333333
79.5981505376344
79.4743978494624
79.4955376344086
79.6131505376344
79.5843548387097
79.569064516129
79.5082580645161
79.5311397849462
79.5545913978495
79.6105161290323
79.6324193548387
79.5216989247312
79.5007419354839
79.5635591397849
79.4844838709677
79.5567741935484
79.5223440860215
79.5595913978495
79.5594086021505
79.5153655913979
79.5019462365591
79.5056129032258
79.5067849462366
79.5724301075269
79.601376344086
79.5724086021505
79.5731935483871
79.6033655913978
79.5957741935484
79.5360860215054
79.5806129032258
79.5839892473118
79.5709569892473
79.5679462365591
79.5605268817204
79.4774516129032
79.4784193548387
79.6122795698925
79.6165161290323
79.4556021505376
79.5821505376344
79.5715161290323
79.5198172043011
79.5027419354839
79.5223225806452
79.5458387096774
79.4961505376344
79.536311827957
79.5306774193548
79.4998387096774
79.4781505376344
79.4888387096774
79.5306129032258
79.5383440860215
79.5693440860215
79.5884946236559
79.5147204301075
79.5543548387097
79.4662365591398
79.5390860215054
79.5330537634409
79.6120107526882
79.571623655914
79.5402365591398
79.6284193548387
79.4414301075269
79.5075591397849
79.4546021505376
79.4895591397849
79.6627741935484
79.5785913978495
79.4857096774194
79.524688172043
79.4992795698925
79.5805591397849
79.4442688172043
79.527
79.5560967741935
79.6290967741935
79.5855161290323
79.506064516129
79.5816129032258
79.5011827956989
79.4849247311828
79.4854086021505
79.5211720430108
79.5601935483871
79.5045806451613
79.624752688172
79.5402795698925
79.492623655914
79.4882258064516
79.5054623655914
79.4977634408602
79.5987204301075
79.5284516129032
79.5050107526882
79.5114946236559
79.5386989247312
79.4905053763441
79.520752688172
79.6073225806452
79.4888709677419
79.5840967741936
79.5223870967742
79.5649892473118
79.5306774193548
79.4858924731183
79.6111397849462
79.5209892473118
79.5966021505376
79.576688172043
79.4698387096774
79.5817311827957
79.4980322580645
79.5067204301075
79.6019784946237
79.4850860215054
79.5359139784946
79.5428602150538
79.426311827957
79.5524408602151
79.5899462365591
79.5427956989247
79.5709139784946
79.581623655914
79.5183440860215
79.5035591397849
79.5305806451613
79.5009139784946
79.5915806451613
79.5115376344086
79.4886989247312
79.5529569892473
79.5226451612903
79.6253225806452
79.5369784946237
79.5583440860215
79.5266559139785
79.601247311828
79.5796559139785
79.4972365591398
79.5091827956989
79.520688172043
79.5736129032258
79.555752688172
79.5111182795699
79.541311827957
79.5633010752688
79.471311827957
79.5248924731183
79.5349677419355
79.5691290322581
79.5271290322581
79.5481612903226
79.5674408602151
79.5520752688172
79.5353870967742
79.553247311828
79.450688172043
79.4561612903226
79.4748279569892
79.5297311827957
79.5586021505376
79.5932688172043
79.492311827957
79.5174623655914
79.5087311827957
79.5154838709677
79.4966344086021
79.5287096774194
79.5358494623656
79.5645913978495
79.4772688172043
79.6378709677419
79.5225913978495
79.5258709677419
79.5262688172043
79.411935483871
79.5334623655914
79.5420322580645
79.4231075268817
79.524
79.5259462365591
79.4978709677419
79.4991612903226
79.5024086021505
79.4741397849462
79.4681720430108
79.5775268817204
79.5214301075269
79.5339462365591
79.4487741935484
79.5655483870968
79.5306344086022
79.4672580645161
79.546752688172
79.5098387096774
79.4727096774194
79.5887849462366
79.5402795698925
79.5120215053763
79.4875268817204
79.5316774193548
79.5207956989247
79.5609569892473
79.5668817204301
79.5382688172043
79.5810752688172
79.4973010752688
79.4688172043011
79.5190537634409
79.5025698924731
79.4676989247312
79.5719569892473
79.6047311827957
79.5164516129032
79.5015161290323
79.5082688172043
79.508688172043
79.5425913978495
79.4954623655914
79.495064516129
79.5112043010753
79.5114516129032
79.5123655913979
79.5168064516129
79.5841290322581
79.5775483870968
79.5507204301075
79.5173870967742
79.5989462365591
79.5350215053763
79.5519032258065
79.4830860215054
79.5165483870968
79.5036021505376
79.5920430107527
79.5788494623656
79.4837311827957
79.606688172043
79.6467096774194
79.5242580645161
79.5135698924731
79.4796344086022
79.5451935483871
79.6280430107527
79.5543870967742
79.5760967741935
79.5479569892473
79.5768817204301
79.547752688172
79.6202365591398
79.5493978494624
79.5910967741935
79.5900430107527
79.4664301075269
79.4801612903226
79.4955161290323
79.4735806451613
79.5557096774194
79.485311827957
79.4430537634409
79.5127419354839
79.456311827957
79.5501612903226
79.5563655913978
79.5617311827957
79.5276021505376
79.5175698924731
79.4885698924731
79.4778064516129
79.5244623655914
79.4548924731183
79.5022258064516
79.5233333333333
79.566376344086
79.6058279569892
79.5127096774194
79.477752688172
79.5968709677419
79.479440860215
79.6544946236559
79.5192365591398
79.5202903225806
79.5246666666667
79.5783010752688
79.5493548387097
79.4769139784946
79.5194946236559
79.4676774193548
79.5636559139785
79.4482580645161
79.5089247311828
79.6090752688172
79.5967311827957
79.4603548387097
79.5167311827957
79.4820322580645
79.5215161290323
79.5086021505376
79.5312043010753
79.5863978494624
79.4970967741936
79.5263548387097
79.4774408602151
79.5075913978495
79.5940107526882
79.5690752688172
79.5306129032258
79.5202150537634
79.544064516129
79.4653333333333
79.5078924731183
79.5062258064516
79.5694408602151
79.4712688172043
79.5335483870968
79.5563333333333
79.5979139784946
79.5072688172043
79.6221290322581
79.6115698924731
79.6006666666667
79.5338924731183
79.5325698924731
79.4891827956989
79.5321827956989
79.4949247311828
79.5682903225807
79.5295161290323
79.5063870967742
79.6195913978495
79.479
79.4609784946237
79.5830322580645
79.4671505376344
79.4794946236559
79.5704086021505
79.5172258064516
79.5495913978495
79.554064516129
79.5556451612903
79.5502795698925
79.5423440860215
79.5372903225806
79.5644838709677
79.5286666666667
79.6497741935484
79.5402795698925
79.573064516129
79.5599032258065
79.5882150537634
79.4879462365591
79.560247311828
79.4604838709677
79.5750860215054
79.5541290322581
79.515623655914
79.5502043010753
79.4491290322581
79.5815913978495
79.601688172043
79.4995376344086
79.6424838709677
79.6149032258065
79.4957741935484
79.5865698924731
79.5427956989247
79.5680430107527
79.5675376344086
79.5540537634409
79.4918279569892
79.6353870967742
79.4984516129032
79.6034193548387
79.577688172043
79.4557204301075
79.6002043010753
79.5043440860215
79.5189892473118
79.5731397849462
79.5244838709677
79.5423655913979
79.5138494623656
79.4756559139785
79.4875268817204
79.4914086021505
79.4646021505376
79.5604301075269
79.5701075268817
79.4903440860215
79.511935483871
79.4773333333333
79.5790860215054
79.563247311828
79.5730860215054
79.5329784946236
79.5291720430107
79.559
79.4945698924731
79.5745913978495
79.4812903225806
79.5481827956989
79.4723225806452
79.6611612903226
79.547752688172
79.598688172043
79.5053225806452
79.5174946236559
79.5152688172043
79.5779462365591
79.554064516129
79.5443333333333
79.5329569892473
79.5443978494624
79.5305161290323
79.4826989247312
79.5643333333333
79.5507849462366
79.490752688172
79.5406021505376
79.6328387096774
79.5476559139785
79.5917096774194
79.5660107526882
79.4909677419355
79.5181935483871
79.4742688172043
79.6395913978495
79.5061827956989
79.5005591397849
79.4926989247312
79.5439677419355
79.5223333333333
79.5456344086022
79.5297096774194
79.5635698924731
79.6507634408602
79.5779892473118
79.5136451612903
79.5900430107527
79.5618817204301
79.5477204301075
79.5326774193548
79.5210322580645
79.4217634408602
79.5738602150538
79.5133440860215
79.5082150537634
79.5538172043011
79.533688172043
79.5363655913979
79.4988602150538
79.5709569892473
79.4900215053763
79.5302043010753
79.5418064516129
79.5500430107527
79.6970752688172
79.5398602150538
79.4959892473118
79.5428709677419
79.5072258064516
79.5501182795699
79.535935483871
79.5410322580645
79.4889462365591
79.5617204301075
79.5254623655914
79.5536451612903
79.4606021505376
79.5322903225806
79.5214946236559
79.5559784946237
79.5625806451613
79.5234193548387
79.5046774193548
79.4879139784946
79.5525806451613
79.548376344086
79.6456774193548
79.4305806451613
79.5993225806452
79.538752688172
79.4780215053763
79.5606774193548
79.5318387096774
79.4911935483871
79.6090537634409
79.5375376344086
79.546376344086
79.5644086021505
79.501247311828
79.5044623655914
79.5226021505376
79.5858172043011
79.4748172043011
79.6095376344086
79.5708817204301
79.514559139785
79.5883010752688
79.5221505376344
79.5398387096774
79.5313010752688
79.5812365591398
79.5485806451613
79.5024193548387
79.5209139784946
79.6084623655914
79.4947204301075
79.5521720430108
79.5378064516129
79.5859462365591
79.556247311828
79.5787849462366
79.5655698924731
79.4553978494624
79.472
79.4398387096774
79.5026774193548
79.5264193548387
79.6026559139785
79.5362258064516
79.5460322580645
79.5323978494624
79.5805483870968
79.5345483870968
79.450247311828
79.5510107526882
79.5028064516129
79.534752688172
79.5199247311828
79.5310967741935
79.4970215053763
79.5301397849462
79.5518817204301
79.5346666666667
79.4878709677419
79.4744086021505
79.5424838709677
79.5631290322581
79.5814408602151
79.4913440860215
79.5546344086022
79.5208602150538
79.5630537634409
79.5312258064516
79.5812365591398
79.504752688172
79.4938387096774
79.6084623655914
79.3644946236559
79.5584731182796
79.5732258064516
79.519311827957
79.5717204301075
79.5610537634409
79.5148172043011
79.5689139784946
79.5257204301075
79.5908924731183
79.5088709677419
79.4344301075269
79.5410322580645
79.4916989247312
79.4552688172043
79.5486129032258
79.536247311828
79.530623655914
79.5610752688172
79.5061612903226
79.6115376344086
79.531935483871
79.5054193548387
79.5263333333333
79.549064516129
79.5264838709677
79.6466021505376
79.5846559139785
79.5535913978495
79.5440860215054
79.4636666666667
79.5562258064516
79.4970107526882
79.5205698924731
79.5524516129032
79.4986774193548
79.5153333333333
79.5556774193548
79.4471505376344
79.5674408602151
79.6032043010753
79.4601720430108
79.4928279569892
79.4822903225806
79.5812043010753
79.502623655914
79.5482903225806
79.6022043010753
79.5569892473118
79.5188279569892
79.5664623655914
79.499
79.5969892473118
79.4827419354839
79.5493010752688
79.5202043010753
79.5076129032258
79.5407956989247
79.6217419354839
79.5630430107527
79.5528709677419
79.488311827957
79.5361720430108
79.5550322580645
79.5887204301075
79.4533870967742
79.5733548387097
79.5143870967742
79.4647419354839
79.5343225806452
79.5863225806452
79.6791720430108
79.5042580645161
79.5722150537634
79.5171397849462
79.5098494623656
79.5435376344086
79.4851827956989
79.5410752688172
79.512311827957
79.5718064516129
79.5486129032258
79.5473870967742
79.5650322580645
79.5268387096774
79.4882795698925
79.5343548387097
79.4732795698925
79.5668172043011
79.5709462365591
79.5631827956989
79.4651075268817
79.5537311827957
79.5617634408602
79.5514408602151
79.5253010752688
79.5260967741935
79.5684946236559
79.5292150537634
79.509623655914
79.490311827957
79.522376344086
79.593623655914
79.5279677419355
79.4908709677419
79.6515806451613
79.5342580645161
79.5186559139785
79.5832150537634
79.664688172043
79.5837741935484
79.5525268817204
79.5532580645161
79.5344623655914
79.6052150537634
79.5235268817204
79.4801935483871
79.5639247311828
79.5910860215054
79.5143870967742
79.5762903225806
79.5153333333333
79.607064516129
79.568376344086
79.5911075268817
79.5692580645161
79.578752688172
79.555
79.5015698924731
79.5967311827957
79.5339569892473
79.4510107526882
79.5362580645161
79.5264516129032
79.5439462365591
79.5660322580645
79.5504086021505
79.5664516129032
79.5687741935484
79.4373440860215
79.6030537634409
79.5763225806452
79.5959462365591
79.5577634408602
79.5234946236559
79.5339247311828
79.6310860215054
79.5104301075269
79.5208709677419
79.5387311827957
79.6158924731183
79.5368924731183
79.5893010752688
79.5134946236559
79.5282688172043
79.5184838709677
79.5622043010753
79.5684838709677
79.6064516129032
79.5415161290323
79.5232150537634
79.4840430107527
79.6304516129032
79.4966451612903
79.4930107526882
79.4970860215054
79.5323978494624
79.5141182795699
79.5292258064516
79.5502688172043
79.5940860215054
79.5709247311828
79.5783870967742
79.5964516129032
79.552
79.6765698924731
79.604752688172
79.5832688172043
79.5319462365591
79.4922150537634
79.5335698924731
79.5545806451613
79.5487849462366
79.5822795698925
79.6108602150538
79.5328387096774
79.5429462365591
79.5801720430107
79.5145698924731
79.5566774193548
79.4879032258064
79.5048064516129
79.4161075268817
79.5636344086022
79.4939677419355
79.4076666666667
79.4874086021505
79.5381505376344
79.5027204301075
79.4733548387097
79.5410430107527
79.600247311828
79.4901075268817
79.5402258064516
79.4973548387097
79.5277204301075
79.6039139784946
79.5876774193548
79.5643225806452
79.5612795698925
79.5906129032258
79.5031720430107
79.605935483871
79.4889139784946
79.5095483870968
79.5366021505376
79.493311827957
79.5977204301075
79.6161075268817
79.5142043010753
79.5420322580645
79.6045913978495
79.5523655913978
79.5609139784946
79.5513548387097
79.5709677419355
79.5674301075269
79.5593978494624
79.562247311828
79.5545376344086
79.5356021505376
79.5042150537634
79.5561397849462
79.5160322580645
79.4949892473118
79.5339032258065
79.5828387096774
79.5706559139785
79.5661397849462
79.5116559139785
79.5188279569892
79.4937204301075
79.4778279569892
79.595559139785
79.5342043010753
79.5116451612903
79.4901290322581
79.4842580645161
79.4973010752688
79.6180752688172
79.5810967741936
79.570311827957
79.5005268817204
79.4828279569892
79.5695698924731
79.5891075268817
79.4237849462366
79.5680322580645
79.5767634408602
79.5282365591398
79.4906451612903
79.5404516129032
79.5538387096774
79.5121505376344
79.4532580645161
79.4671290322581
79.541752688172
79.5223010752688
79.5143225806452
79.5158279569892
79.5905376344086
79.4881935483871
79.534376344086
79.5013548387097
79.5335698924731
79.5956451612903
79.515376344086
79.5332258064516
79.5143440860215
79.6116989247312
79.5088387096774
79.585688172043
79.5129247311828
79.4364946236559
79.5965376344086
79.5454301075269
79.5029462365591
79.6144301075269
79.5247096774194
79.5288602150538
79.506311827957
79.550935483871
79.5129677419355
79.4658279569892
79.5242688172043
79.5931935483871
79.5561290322581
79.5790322580645
79.5138817204301
79.5042903225806
79.5768064516129
79.5502258064516
79.5487096774194
79.5891182795699
79.4421397849462
79.4933010752688
79.5332150537634
79.4611827956989
79.5685483870968
79.5880215053763
79.6044301075269
79.5304301075269
79.6056559139785
79.5392365591398
79.5471397849462
79.5359569892473
79.494623655914
79.532247311828
79.5571612903226
79.4881935483871
79.5477204301075
79.5067741935484
79.5390215053763
79.5597311827957
79.5478064516129
79.6140215053763
79.4911935483871
79.4462580645161
79.4368064516129
79.6281182795699
79.5434731182796
79.498752688172
79.5243225806452
79.4666666666667
79.5726774193548
79.5394731182796
79.506311827957
79.5428494623656
79.5478924731183
79.5812150537634
79.4825161290323
79.566064516129
79.5743870967742
79.5043978494624
79.5443440860215
79.6004408602151
79.5726559139785
79.5142688172043
79.6175268817204
79.5108924731183
79.580064516129
79.5676559139785
79.5094301075269
79.5615268817204
79.4875161290323
79.5596559139785
79.506247311828
79.5531075268817
79.5325483870968
79.5395806451613
79.6015053763441
79.5399677419355
79.465064516129
79.6039677419355
79.5952043010753
79.5719677419355
79.5469462365591
79.5445913978495
79.5856774193548
79.5465376344086
79.5540322580645
79.6157741935484
79.5634408602151
79.5310752688172
79.5488279569892
79.4612043010753
79.4860107526882
79.5301182795699
79.4729139784946
79.5212043010753
79.5227956989247
79.5953655913979
79.4425483870968
79.5333548387097
79.5238387096774
79.5926451612903
79.472247311828
79.504935483871
79.5462150537634
79.5018709677419
79.535064516129
79.4848709677419
79.4992580645161
79.5299677419355
79.5698172043011
79.5541720430108
79.5069032258065
79.5474623655914
79.6157204301075
79.512752688172
79.5968279569892
79.5643548387097
79.4836129032258
79.495311827957
79.5953440860215
79.5172795698925
79.5260107526882
79.5486989247312
79.5194516129032
79.5052258064516
79.5224086021505
79.509935483871
79.5381720430107
79.5666451612903
79.5133440860215
79.5536666666667
79.5616129032258
79.5476021505376
79.6015376344086
79.5482258064516
79.5541505376344
79.4672580645161
79.5035591397849
79.5528172043011
79.5494301075269
79.5484301075269
79.5991935483871
79.574559139785
79.6110215053763
79.5536129032258
79.607752688172
79.495688172043
79.4815806451613
79.4893978494624
79.448752688172
79.5687204301075
79.503688172043
79.5978172043011
79.5290967741935
79.58
79.3941505376344
79.5702150537634
79.5220322580645
79.580688172043
79.5455161290323
79.5992795698925
79.5809569892473
79.5314838709677
79.426064516129
79.4954516129032
79.5679139784946
79.6067096774194
79.6131827956989
79.5528279569892
79.571559139785
79.4815913978495
79.5112258064516
79.5706666666667
79.5077849462366
79.5833978494624
79.541
79.5291827956989
79.5207956989247
79.5120537634409
79.5485913978495
79.6364946236559
79.4792150537634
79.5430322580645
79.5513010752688
79.519935483871
79.562752688172
79.5036774193548
79.5971935483871
79.5364301075269
79.5385698924731
79.5564731182796
79.4790752688172
79.5476451612903
79.500064516129
79.5431827956989
79.586440860215
79.5580860215054
79.5347956989247
79.5944086021505
79.5650967741935
79.5513333333333
79.519311827957
79.5011397849462
79.4626129032258
79.4768494623656
79.660311827957
79.5865806451613
79.5100107526882
79.5286559139785
79.4654301075269
79.5604623655914
79.5227204301075
79.4569569892473
79.5254838709677
79.5296666666667
79.4929247311828
79.5865806451613
79.4660860215054
79.5068279569892
79.5138602150538
79.528064516129
79.4925268817204
79.5827741935484
79.518
79.4787956989247
79.5206021505376
79.6117419354839
79.5930967741936
79.6197741935484
79.5449032258065
79.5087096774194
79.605064516129
79.6403655913979
79.5419139784946
79.4211612903226
79.5491397849462
79.5368387096774
79.5242688172043
79.5600107526882
79.5990967741936
79.5238387096774
79.5419462365591
79.4971075268817
79.5755591397849
79.4733010752688
79.5588064516129
79.475064516129
79.4804301075269
79.5502043010753
79.5578279569892
79.5936666666667
79.4155806451613
79.5778709677419
79.5675161290323
79.5263440860215
79.5724408602151
79.4748172043011
79.5305806451613
79.547064516129
79.5705376344086
79.5384193548387
79.611311827957
79.482376344086
79.5824838709677
79.5342903225806
79.4938817204301
79.4915806451613
79.5734086021505
79.5233870967742
79.4925053763441
79.4960322580645
79.5956451612903
79.5847311827957
79.5618387096774
79.6095268817204
79.5432580645161
79.5268494623656
79.4995376344086
79.5715053763441
79.4862365591398
79.5530537634409
79.6225591397849
79.521
79.5362150537634
79.5635591397849
79.6803978494624
79.5115161290323
79.4772365591398
79.5552688172043
79.645064516129
79.4806129032258
79.5366666666667
79.4751505376344
79.5847634408602
79.5353225806452
79.5818279569892
79.5048924731183
79.5495806451613
79.6350537634409
79.5329247311828
79.5599462365591
79.6052903225806
79.493311827957
79.5899462365591
79.5312043010753
79.4806129032258
79.4759569892473
79.5900107526882
79.5052688172043
79.5659569892473
79.4890752688172
79.5775806451613
79.5884408602151
79.4991397849462
79.4661397849462
79.4609569892473
79.5226451612903
79.5633978494624
79.4507741935484
79.5522150537634
79.5556774193548
79.5436989247312
79.5583655913978
79.6081182795699
79.5446451612903
79.5679677419355
79.5914838709677
79.5277311827957
79.5594731182796
79.5839247311828
79.5159032258065
79.5738494623656
79.5329569892473
79.5519139784946
79.5381612903226
79.5530537634409
79.5941075268817
79.5988387096774
79.456064516129
79.5192150537634
79.5293225806452
79.5490537634409
79.356752688172
79.5532903225807
79.5066129032258
79.5027956989247
79.5689892473118
79.5616344086021
79.5286666666667
79.5453548387097
79.592
79.4854516129032
79.5473978494624
79.4822688172043
79.4828924731183
79.5517419354839
79.6556344086022
79.5499247311828
79.4433548387097
79.521064516129
79.540623655914
79.5341075268817
79.5129677419355
79.5483010752688
79.5924086021505
79.5589677419355
79.5021075268817
79.5372150537634
79.6134193548387
79.4954086021505
79.4620215053763
79.5299247311828
79.5671827956989
79.5838602150538
79.4929677419355
79.5461397849462
79.5090860215054
79.5198602150538
79.5472258064516
79.5016559139785
79.4629247311828
79.5601935483871
79.502376344086
79.5478709677419
79.5292580645161
79.5180860215054
79.4598494623656
79.5132365591398
79.5191612903226
79.6006989247312
79.5551720430108
79.4608602150538
79.6087849462366
79.6277741935484
79.4569784946237
79.5153870967742
79.5404838709677
79.4675913978495
79.5618387096774
79.5398924731183
79.5129139784946
79.5920322580645
79.5206344086021
79.5100215053763
79.5301612903226
79.569064516129
79.5267849462366
79.4986666666667
79.5489462365591
79.5588494623656
79.4693655913978
79.509247311828
79.4918172043011
79.5252150537634
79.5225591397849
79.5430215053763
79.538247311828
79.5579032258065
79.5284086021505
79.5469677419355
79.5070215053763
79.500688172043
79.5103655913979
79.4978387096774
79.5635268817204
79.5259032258064
79.5276129032258
79.4865698924731
79.614752688172
79.4726129032258
79.5075698924731
79.558311827957
79.5427311827957
79.5619892473118
79.5390967741936
79.6009032258064
79.5018602150538
79.5473978494624
79.507247311828
79.5457634408602
79.4733870967742
79.5790215053763
79.5381935483871
79.5251397849462
79.5766129032258
79.6371397849462
79.5033655913979
79.4958602150538
79.5587849462366
79.5831827956989
79.5328172043011
79.4464086021505
79.481752688172
79.4135268817204
79.5829462365591
79.5731290322581
79.5996129032258
79.5852258064516
79.5829677419355
79.5217311827957
79.5684946236559
79.5133870967742
79.5757956989247
79.581376344086
79.554311827957
79.5198709677419
79.6123548387097
79.5490430107527
79.503752688172
79.5795268817204
79.5662365591398
79.5995698924731
79.5052365591398
79.5233548387097
79.516623655914
79.5263870967742
79.5338279569892
79.5072258064516
79.4856666666667
79.4908817204301
79.5650860215054
79.4691182795699
79.5150537634409
79.598623655914
79.5867741935484
79.5821182795699
79.5083978494624
79.5121075268817
79.5749677419355
79.5600107526882
79.5794731182796
79.4786129032258
79.526247311828
79.4887311827957
79.4690860215054
79.5137096774194
79.531064516129
79.4259139784946
79.5711075268817
79.5158924731183
79.5181935483871
79.5818709677419
79.5622688172043
79.6350752688172
79.5631075268817
79.5566129032258
79.4918817204301
79.5256774193548
79.5379892473118
79.5013010752688
79.594376344086
79.5964516129032
79.5056451612903
79.5171182795699
79.579247311828
79.5670215053763
79.5219462365591
79.6055698924731
79.5791290322581
79.5378279569892
79.565
79.5707204301075
79.522688172043
79.5584301075269
79.5327741935484
79.5198602150538
79.4967204301075
79.5583333333333
79.5382688172043
79.4904838709677
79.5627956989247
79.5242903225806
79.4408064516129
79.4884086021505
79.6031397849462
79.5053010752688
79.5341075268817
79.6098709677419
79.5050967741935
79.5330322580645
79.509247311828
79.4656451612903
79.5560430107527
79.4997741935484
79.5884086021505
79.510935483871
79.5874301075269
79.5620537634409
79.5380967741935
79.5889139784946
79.5355268817204
79.533752688172
79.5747634408602
79.4718494623656
79.6266344086021
79.5049784946237
79.5140860215054
79.5287311827957
79.528311827957
79.5937419354839
79.5238494623656
79.5613010752688
79.504
79.575752688172
79.5247311827957
79.6119677419355
79.5415913978495
79.5654193548387
79.5990430107527
79.545688172043
79.5996989247312
79.618935483871
79.5338494623656
79.5201075268817
79.5479247311828
79.5378817204301
79.4590107526882
79.5837741935484
79.5327204301075
79.5250752688172
79.5681075268817
79.5366774193548
79.5975268817204
79.4831720430108
79.5258172043011
79.5118602150538
79.5447204301075
79.4149677419355
79.523935483871
79.5292903225806
79.531064516129
79.5594946236559
79.5345376344086
79.5568924731183
79.4671182795699
79.5975268817204
79.5736774193548
79.5310107526882
79.5655053763441
79.5458064516129
79.552064516129
79.5130537634409
79.5428494623656
79.5679569892473
79.5207096774194
79.473311827957
79.4842903225806
79.6047204301075
79.5659032258065
79.4668387096774
79.552247311828
79.588688172043
79.5658494623656
79.589
79.5271827956989
79.5614731182796
79.4939462365591
79.6136344086022
79.5131505376344
79.5428064516129
79.5767419354839
79.4656666666667
79.5382365591398
79.4915268817204
79.565752688172
79.5015806451613
79.5827741935484
79.5233655913978
79.5260537634409
79.5900860215054
79.5549892473118
79.5276774193548
79.5620860215054
79.5006451612903
79.5430537634409
79.5237419354839
79.6067419354839
79.4625698924731
79.5261720430107
79.5071935483871
79.4878924731183
79.5737849462366
79.5581505376344
79.5458064516129
79.4321612903226
79.581752688172
79.508376344086
79.6110967741935
79.5736666666667
79.4479892473118
79.5128172043011
79.5653870967742
79.5274731182796
79.4656989247312
79.5137096774194
79.5707419354839
79.4899784946237
79.5762795698925
79.5671935483871
79.5339569892473
79.5158924731183
79.4825053763441
79.5376989247312
79.5086666666667
79.5228494623656
79.4572580645161
79.5181720430108
79.4992365591398
79.5764838709677
79.514311827957
79.511311827957
79.589376344086
79.5786989247312
79.5984516129032
79.5665161290323
79.5070322580645
79.5332365591398
79.4458064516129
79.5152365591398
79.5888494623656
79.5403225806452
79.5652043010753
79.5585913978495
79.5005053763441
79.5717849462366
79.5527634408602
79.4698709677419
79.6265698924731
79.5311612903226
79.3935053763441
79.5234731182796
79.4772258064516
79.5014838709677
79.5204193548387
79.4928817204301
79.544376344086
79.5853225806452
79.5977419354839
79.4962903225806
79.5772365591398
79.5338602150538
79.6224623655914
79.5382580645161
79.5821720430108
79.5417204301075
79.5560537634409
79.6810215053763
79.514688172043
79.5324838709677
79.5486666666667
79.5849569892473
79.5061612903226
79.5401290322581
79.6210752688172
79.5633225806452
79.5588172043011
79.4883010752688
79.4796344086022
79.5724731182796
79.5739247311828
79.515311827957
79.6554731182796
79.5394731182796
79.506935483871
79.4626774193548
79.539688172043
79.5125483870968
79.472
79.5469677419355
79.5521182795699
79.5438279569892
79.4741720430108
79.4957741935484
79.5213548387097
79.528752688172
79.5731827956989
79.5792580645161
79.5116021505376
79.5588494623656
79.5629677419355
79.5417419354839
79.5532043010753
79.5750537634409
79.5547849462366
79.5229892473118
79.5196344086021
79.5744623655914
79.5569032258065
79.526064516129
79.510752688172
79.5637311827957
79.4157741935484
79.4951182795699
79.5166559139785
79.5358064516129
79.5042365591398
79.544559139785
79.6026559139785
79.4733548387097
79.6291720430108
79.5079677419355
79.5316129032258
79.5170430107527
79.4936774193548
79.525688172043
79.5691935483871
79.5878709677419
79.5216774193548
79.5688279569893
79.5338924731183
79.5455268817204
79.6086129032258
79.6209677419355
79.535440860215
79.529688172043
79.5523225806452
79.5151505376344
79.5320215053763
79.4905483870968
79.5813655913979
79.5519139784946
79.4512688172043
79.5470215053763
79.6267956989247
79.5679247311828
79.5037204301075
79.511311827957
79.5225913978495
79.6010430107527
79.5203548387097
79.5180860215054
79.5538494623656
79.5159784946237
79.4942150537634
79.4564946236559
79.5102795698925
79.4869462365591
79.600752688172
79.5035268817204
79.5254623655914
79.5161290322581
79.4806344086022
79.562935483871
79.4992688172043
79.467559139785
79.575688172043
79.5237741935484
79.6016989247312
79.5367849462366
79.5846666666667
79.489247311828
79.5822150537634
79.5422903225806
79.6488279569893
79.460935483871
79.5526666666667
79.5458387096774
79.5477204301075
79.5433010752688
79.477623655914
79.5364408602151
79.4582043010753
79.4901720430108
79.4639677419355
79.5095806451613
79.6077311827957
79.507376344086
79.5564193548387
79.482688172043
79.4697311827957
79.5096989247312
79.5485483870968
79.5007849462366
79.5069677419355
79.603311827957
79.5605913978495
79.5770967741935
79.569311827957
79.5834623655914
79.5240967741936
79.4754408602151
79.5743870967742
79.5150322580645
79.572935483871
79.4590537634409
79.5287096774194
79.4666559139785
79.4539569892473
79.5620322580645
79.5714731182796
79.5325161290323
79.5384193548387
79.5159892473118
79.4774731182796
79.467623655914
79.5640215053763
79.5888817204301
79.5520752688172
79.5595053763441
79.5903333333333
79.5675483870968
79.4752043010753
79.5359032258065
79.5635698924731
79.5751720430108
79.5285053763441
79.4893978494624
79.5469892473118
79.5654623655914
79.6132795698925
79.4803655913979
79.6102688172043
79.602376344086
79.5803978494624
79.5413870967742
79.5733225806452
79.541935483871
79.4877634408602
79.5644516129032
79.5898602150538
79.5241827956989
79.6108064516129
79.4896774193548
79.4900967741935
79.491935483871
79.5029569892473
79.4803225806452
79.5943548387097
79.4703655913979
79.5245591397849
79.5174623655914
79.5232258064516
79.5128494623656
79.5414838709677
79.553
79.5174086021505
79.5369462365591
79.5424086021505
79.4840322580645
79.5091397849462
79.4645483870968
79.5253440860215
79.4712043010753
79.5212580645161
79.5186451612903
79.5559784946237
79.5438494623656
79.5617204301075
79.5052903225806
79.6162258064516
79.585311827957
79.4946021505376
79.4908602150538
79.5493440860215
79.5778817204301
79.4991505376344
79.4419462365591
79.5572258064516
79.5831827956989
79.500752688172
79.5406129032258
79.4901935483871
79.546688172043
79.5447419354839
79.5038602150538
79.6115913978495
79.5386451612903
79.5645806451613
79.5178064516129
79.5798817204301
79.6792258064516
79.5921182795699
79.603623655914
79.4641935483871
79.4602258064516
79.537752688172
79.4320107526882
79.5476774193548
79.5561827956989
79.4951935483871
79.5771720430107
79.5927311827957
79.5520215053763
79.5851827956989
79.5599784946236
79.5947634408602
79.5706989247312
79.5125806451613
79.5259677419355
79.5606774193548
79.5372688172043
79.4802150537634
79.5056666666667
79.5118064516129
79.6080322580645
79.5462365591398
79.5411182795699
79.5491182795699
79.5681182795699
79.5543870967742
79.4794731182796
79.5068064516129
79.5178387096774
79.5161612903226
79.525
79.4939892473118
79.5161397849462
79.5718709677419
79.5017204301075
79.4781075268817
79.5554946236559
79.5130537634409
79.5271612903226
79.5149247311828
79.4193010752688
79.5483978494624
79.6062043010753
79.4751182795699
79.5069892473118
79.6173655913978
79.6223978494624
79.4641505376344
79.5569247311828
79.5822795698925
79.5658494623656
79.6133870967742
79.5233333333333
79.5877849462366
79.5377204301075
79.4386021505376
79.5524623655914
79.5994838709677
79.5507096774193
79.5444301075269
79.5171935483871
79.4671720430107
79.5219247311828
79.5342258064516
79.5537634408602
79.5231720430107
79.5952580645161
79.5938709677419
79.4963333333333
79.6491720430108
79.4780430107527
79.5017204301075
79.5377956989247
79.5437741935484
79.5956989247312
79.5567311827957
79.5201182795699
79.5358817204301
79.5632258064516
79.5072150537634
79.6183010752688
79.5027634408602
79.5294838709677
79.5773010752688
79.5093870967742
79.5305806451613
79.5041612903226
79.4591182795699
79.616935483871
79.5544086021505
79.5238602150538
79.4899677419355
79.5013333333333
79.491935483871
79.5906451612903
79.4690430107527
79.4821612903226
79.5560752688172
79.5671397849462
79.510623655914
79.4965483870968
79.4752688172043
79.5391397849462
79.5487634408602
79.5742903225807
79.4852903225806
79.5982365591398
79.4800430107527
79.4233440860215
79.4539892473118
79.5208709677419
79.6309784946237
79.573247311828
79.5565376344086
79.5005913978495
79.5946774193548
